0 -12.5 1.70996e-10 -7.51412e-09
0.2 -12.3 4.41774e-10 -1.37658e-16
0.4 -12.1 6.57322e-10 1.31899e-15
0.6 -11.9 -8.65408e-10 5.69602e-16
0.8 -11.9 -1.01531e-09 5.59916e-16
1 -11.7 5.01365e-10 -2.71932e-15
1.2 -11.5 4.28294e-10 5.38524e-16
1.4 -11.3 9.61256e-10 -2.95573e-15
1.6 -11.1 2.07514e-10 -7.26753e-17
1.8 -10.9 8.44365e-10 -2.72389e-15
2 -10.7 -8.38629e-10 -8.68404e-14
2.2 -10.5 8.16519e-10 -3.35782e-16
2.4 -10.3 1.20661e-10 2.38144e-15
2.6 -10.1 -9.6294e-10 3.36984e-16
2.8 -9.9 9.6186e-10 -7.03568e-16
3 -9.7 4.30115e-11 -3.66601e-15
3.2 -9.7 -2.80995e-10 -2.59948e-18
3.4 -9.5 -9.34262e-10 -4.48589e-14
3.6 -9.3 -2.33183e-10 -2.18842e-15
3.8 -9.1 4.5617e-10 1.52576e-16
4 -8.9 7.48075e-10 -1.26739e-16
4.2 -8.7 6.67729e-10 6.60414e-16
4.4 -8.5 7.69347e-10 -1.05384e-15
4.6 -8.3 7.58968e-10 -1.7271e-16
4.8 -8.1 -7.07383e-10 2.78664e-16
5 -7.9 1.12748e-09 2.50647e-16
5.2 -7.7 -9.76317e-10 -1.93179e-15
5.4 -7.5 3.13409e-10 7.68637e-10
5.6 -7.3 6.91207e-10 -3.17898e-16
5.8 -7.1 -9.51318e-10 -3.45491e-16
6 -6.9 8.76835e-10 7.15687e-13
6.2 -6.7 -7.06359e-10 1.20227e-14
6.4 -6.5 9.14592e-10 -6.68037e-13
6.6 -6.3 -1.02519e-09 4.40565e-16
6.8 -6.1 1.24992e-09 -3.42456e-16
7 -5.9 5.33922e-10 -2.08738e-16
7.2 -5.7 -5.24568e-10 2.49605e-16
7.4 -5.5 5.24911e-10 -2.53853e-17
7.6 -5.3 9.21593e-10 -1.69019e-16
7.8 -5.1 -7.64204e-10 3.02273e-16
8 -4.9 6.47629e-10 -1.73785e-15
8.2 -4.7 -8.36576e-10 -4.30983e-15
8.4 -4.5 5.06536e-10 -7.15193e-13
8.6 -4.3 8.87446e-10 -1.29078e-15
8.8 -4.1 6.56291e-10 -3.95337e-16
9 -3.9 2.51142e-10 -3.34743e-16
9.2 -3.7 9.85311e-10 9.72441e-16
9.4 -3.5 -8.21991e-10 1.68088e-13
9.6 -3.3 5.72454e-10 5.67909e-17
9.8 -3.1 3.39969e-10 2.40167e-17
10 -2.9 -8.90595e-10 -1.82744e-16
10.2 -2.7 3.76579e-10 -4.44464e-14
10.4 -2.5 -7.06909e-10 4.4008e-12
10.6 -2.3 -3.77885e-10 2.60884e-17
10.8 -2.1 6.47069e-10 -4.59504e-16
11 -1.9 -4.43987e-10 8.05361e-17
11.2 -1.7 1.07301e-09 2.5732e-16
11.4 -1.5 8.68899e-10 8.45051e-17
11.6 -1.3 -3.86906e-10 -2.99211e-16
11.8 -1.1 -5.00518e-10 2.57059e-15
12 -0.9 -1.02484e-09 -1.14413e-11
12.2 -0.9 -1.23244e-10 -2.61943e-15
12.4 -0.7 -7.02649e-10 -1.53571e-15
12.6 -0.5 9.24454e-10 -1.79916e-13
12.8 -0.3 -6.82156e-10 -5.33612e-19
13 -0.0999994 1.15148e-09 8.67022e-16
13.2 0.1 1.0343e-09 3.13782e-15
13.4 0.1 1.06532e-09 3.13345e-15
13.6 0.3 8.50601e-10 1.7965e-13
13.8 0.5 2.80904e-10 1.41043e-15
14 0.7 -7.14856e-11 1.69495e-13
14.2 0.900001 -6.64902e-10 2.312e-15
14.4 1.1 -5.49162e-10 4.40873e-17
14.6 1.3 4.77589e-10 5.70422e-17
14.8 1.5 -1.03187e-09 4.65069e-16
15 1.7 9.98968e-10 -4.41328e-16
15.2 1.9 -6.93197e-10 5.95327e-16
15.4 2.1 -1.13069e-09 -4.71369e-16
15.6 2.3 -9.45465e-10 3.26772e-16
15.8 2.5 8.21358e-10 -8.34387e-11
16 2.7 -7.61066e-10 1.39905e-15
16.2 2.9 -7.55281e-10 -4.05714e-16
16.4 3.1 7.66264e-10 3.98001e-16
16.6 3.3 -4.74507e-10 -6.29164e-16
16.8 3.5 -1.1086e-09 3.17156e-16
17 3.7 -1.04197e-09 -1.19936e-16
17.2 3.9 8.25635e-10 -1.54192e-15
17.4 4.1 8.72161e-10 -9.72168e-17
17.6 4.3 4.95651e-10 6.03085e-18
17.8 4.5 7.3368e-10 -1.58225e-16
18 4.7 6.6687e-10 4.83831e-16
18.2 4.9 -8.29532e-10 -1.49324e-15
18.4 5.1 8.87017e-10 -2.18288e-16
18.6 5.3 -2.82963e-10 3.41709e-16
18.8 5.5 -8.04061e-10 -4.37215e-16
19 5.7 8.48588e-10 5.91298e-16
19.2 5.9 -1.04681e-09 -1.43722e-16
19.4 6.1 -1.05769e-09 5.85961e-16
19.6 6.3 -4.82455e-10 -1.27393e-16
19.8 6.5 -1.02274e-10 6.43292e-16
20 6.7 9.04808e-10 5.76234e-16
20.2 6.9 -8.11697e-10 -5.17227e-17
20.4 7.1 -8.20792e-10 -1.29858e-16
20.6 7.3 -4.96649e-10 1.10208e-16
20.8 7.5 8.47473e-10 1.17106e-08
21 7.7 1.20163e-09 -3.67907e-16
21.2 7.9 5.79782e-10 1.877e-17
21.4 8.1 -6.89625e-10 -3.60479e-16
21.6 8.3 -5.01867e-10 -2.62647e-16
21.8 8.5 -7.85116e-10 1.16238e-15
22 8.7 -8.14746e-10 2.91039e-15
22.2 8.9 -7.86965e-12 4.42696e-18
22.4 9.1 9.34539e-10 -3.89157e-16
22.6 9.1 1.13532e-09 -1.00613e-11
22.8 9.3 -6.5187e-10 -1.31817e-15
23 9.5 7.01418e-10 -2.06099e-16
23.2 9.5 6.62707e-10 -2.67197e-12
23.4 9.5 7.50286e-10 -2.67194e-12
