3.4 -9.45989 0.0164083 0.00603874
4 -8.83806 0.0180017 0.00846904
4.6 -8.2637 0.0268636 0.00522469
5.2 -7.65585 0.0319363 0.0189512
5.8 -7.08761 0.0298283 0.00419703
6.4 -6.4891 0.0500605 -0.00068558
7 -5.89082 0.0379153 0.00209423
7.6 -5.29731 0.0541317 -0.00303939
8.2 -4.69408 0.0648853 -0.00297183
8.8 -4.10356 0.0645245 -0.00182532
9.4 -3.50599 0.0814198 -0.00556107
10 -2.90967 0.0672017 -0.00280631
10.6 -2.31973 0.0730137 -0.00676484
11.2 -1.71232 0.0782927 -0.0069089
11.8 -1.12597 0.0626834 -0.00697366
12.4 -0.728608 0.0780068 -0.00985433
13 -0.133076 0.0591661 -0.00805711
13.6 0.261744 0.0685843 -0.0103394
14.2 0.856914 0.0524342 -0.0100812
14.8 1.45325 0.063112 -0.0131437
15.4 2.05085 0.0466336 -0.0103131
16 2.64688 0.0443909 -0.0148981
16.6 3.24433 0.0466414 -0.014156
17.2 3.83495 0.0271444 -0.0146136
17.8 4.42803 0.0302007 -0.0168003
18.4 5.02792 0.00817814 -0.0136247
19 5.61901 0.00261895 -0.016159
19.6 6.2187 0.0109993 -0.015954
20.2 6.811 -0.0131671 -0.0159198
20.8 7.40396 -0.0115593 -0.0175897
21.4 8.0018 -0.0310534 -0.0156636
22 8.59955 -0.0375014 -0.0161236
22.6 9.18777 -0.0426989 -0.0158238
23.4 9.58681 -0.0509463 -0.0174298
