0 -11.3998 1.49484
0 -11.4008 -1.58747
0 -10.4073 1.49016
0 -10.4052 -1.57527
0 -9.40203 1.50215
0.4 -9.41871 -1.55629
0.4 -11.8006 1.49507
0.4 -11.8003 -1.57321
0.4 -10.7999 1.49551
0.4 -10.7995 -1.57996
0.4 -9.79618 1.50513
0.4 -9.82573 -1.57241
0.4 -8.81773 1.51297
1.9201e+09 -8.80762 -1.58169
0.6 -11.0033 1.49229
0.6 -11.003 -1.58497
0.6 -10.0441 1.42157
0.6 -10.0085 -1.57413
0.6 -9.04769 -1.6001
0 -9.0006 1.49879
0.8 -10.801 1.49706
0.8 -10.8014 -1.58283
0.8 -9.81545 1.48025
0.8 -9.81406 -1.57499
0.8 -8.8404 -1.5773
0 -8.81762 1.4842
1 -10.7987 1.49233
1 -10.7962 -1.58663
1 -9.81139 1.49211
1 -9.79951 -1.58449
1 -8.81344 1.48117
0 -8.82153 -1.59326
1.2 -10.7999 1.4946
1.2 -10.8004 -1.58618
1.2 -9.80636 1.49135
1.2 -9.80251 -1.57806
1.2 -8.83352 1.50384
0 -8.81763 -1.55797
1.4 -10.7982 1.50012
1.4 -10.799 -1.58638
1.4 -9.8003 1.50004
1.4 -9.79861 -1.57806
1.4 -8.80193 1.50597
0 -8.83028 -1.5868
1.6 -10.8008 1.49554
1.6 -10.7999 -1.5776
1.6 -9.79982 1.49551
1.6 -9.79827 -1.58169
1.6 -8.80049 1.50437
1.6 -8.83199 -1.57962
1.6 -7.81991 1.50972
0 -7.82434 -1.56726
1.8 -9.80269 1.49319
1.8 -9.8023 -1.58643
1.8 -8.80577 1.48191
1.8 -8.80071 -1.58574
1.8 -7.8325 -1.58747
0 -7.78869 1.502
2 -9.79926 1.49131
2 -9.7961 -1.58737
2 -8.81305 1.49139
2 -8.79939 -1.58403
2 -7.81511 1.48783
0 -7.8173 -1.57764
2.2 -9.79904 1.49652
2.2 -9.80071 -1.58429
2.2 -8.80721 1.49074
2.2 -8.80498 -1.57531
2.2 -7.81276 1.50214
0 -7.79784 -1.42771
2.4 -9.79806 1.50068
2.4 -9.79874 -1.58632
2.4 -8.80037 1.4995
2.4 -8.79898 -1.57732
2.4 -7.80357 1.50467
0 -7.8162 -1.55688
2.6 -9.8005 1.49691
2.6 -9.79994 -1.57264
2.6 -8.79944 1.49584
2.6 -8.79811 -1.58198
2.6 -7.79999 1.50159
2.6 -7.82561 -1.57675
2.6 -6.82929 1.52009
0 -6.81043 -1.57817
2.8 -8.80089 1.49602
2.8 -8.80197 -1.58724
2.8 -7.81934 1.47154
2.8 -7.79909 -1.58398
2.8 -6.83166 -1.58118
0 -6.80433 1.49567
3 -8.99908 1.4919
3 -8.99672 -1.58547
3 -8.0115 1.49236
3 -7.99834 -1.59199
3 -7.01342 1.4792
0 -7.0196 -1.59479
3.2 -8.7969 1.50075
3.2 -8.79805 -1.57442
3.2 -7.8033 1.49356
3.2 -7.79869 -1.58651
3.2 -6.8218 1.48761
0 -6.82282 -1.58248
3.4 -8.76876 1.5154
3.4 -8.75016 -1.56591
3.4 -7.77529 1.5183
3.4 -7.74378 -1.55711
3.4 -6.77888 1.52932
0 -6.76855 -1.53197
3.6 -8.7674 1.51962
3.6 -8.74965 -1.56381
3.6 -7.7685 1.52674
3.6 -7.74986 -1.55117
3.6 -6.7715 1.53695
0 -6.76968 -1.53391
3.8 -8.76923 1.5177
3.8 -8.75015 -1.55351
3.8 -7.77017 1.52173
3.8 -7.74609 -1.55855
3.8 -6.76777 1.53745
3.8 -6.78745 -1.57476
3.8 -5.78888 1.53981
0 -5.75712 -1.5437
4 -7.75248 1.52159
4 -7.72702 -1.55905
4 -6.76211 1.51972
4 -6.73218 -1.54472
4 -5.75808 -1.53792
0 -5.78864 1.52298
4.2 -7.7493 1.52062
4.2 -7.72078 -1.55862
4.2 -6.76391 1.5262
4.2 -6.72299 -1.55563
4.2 -5.76541 1.52338
0 -5.72836 -1.53006
4.4 -7.74973 1.52348
4.4 -7.72524 -1.55773
4.4 -6.75774 1.52651
4.4 -6.7279 -1.54183
4.4 -5.76548 1.5376
0 -5.74307 -1.5278
4.6 -7.76974 1.52878
4.6 -7.75505 -1.55258
4.6 -6.77113 1.53462
4.6 -6.75478 -1.54328
4.6 -5.77528 1.54419
0 -5.79972 -1.54451
4.8 -7.77283 1.52884
4.8 -7.75778 -1.54729
4.8 -6.76964 1.53134
4.8 -6.76095 -1.54036
4.8 -5.76675 1.54333
4.8 -5.78935 -1.54557
0 -4.80283 1.53446
5 -6.77392 1.52807
5 -6.75792 -1.55124
5 -5.78828 1.49526
5 -5.89912 -1.61815
5 -4.78983 -1.5383
0 -4.79059 1.51331
5.2 -6.78296 1.54218
5.2 -6.72318 -1.53489
5.2 -5.7973 1.55834
5.2 -5.72422 -1.5234
5.2 -4.79732 1.56433
0 -4.75019 -1.50439
5.4 -6.78441 1.54318
5.4 -6.72554 -1.53745
5.4 -5.79088 1.55792
5.4 -5.71991 -1.51407
5.4 -4.7939 1.58965
0 -4.74998 -1.46084
5.6 -6.78255 1.54892
5.6 -6.72535 -1.53363
5.6 -5.7851 1.56781
5.6 -5.72547 -1.50894
5.6 -4.78825 1.59124
0 -4.75932 -1.49301
5.8 -6.79599 1.53207
5.8 -6.78326 -1.54448
5.8 -5.79341 1.53048
5.8 -5.78486 -1.54151
5.8 -4.78766 1.54288
5.8 -4.80321 -1.53526
0 -3.78801 1.57843
6 -5.79706 1.52735
6 -5.78346 -1.5513
6 -4.81336 1.50665
6 -4.79543 -1.52756
6 -3.81088 -1.5353
0 -3.79357 1.54237
6.2 -5.79326 1.52745
6.2 -5.77745 -1.55044
6.2 -4.80629 1.5307
6.2 -4.77942 -1.55142
6.2 -3.80654 1.5249
0 -3.8003 -1.54603
6.4 -5.78778 1.5448
6.4 -5.79082 -1.53783
6.4 -4.79536 1.53954
6.4 -4.78222 -1.53624
6.4 -3.80195 1.5531
0 -3.80954 -1.52294
6.6 -5.78626 1.54962
6.6 -5.79077 -1.53078
6.6 -4.78773 1.54936
6.6 -4.78918 -1.5285
6.6 -3.79557 1.54946
0 -3.8115 -1.50826
6.8 -5.78945 1.549
6.8 -5.7909 -1.53364
6.8 -4.78717 1.54481
6.8 -4.79303 -1.52811
6.8 -3.78801 1.55255
6.8 -3.81675 -1.52931
0 -2.778 1.58003
7 -4.79656 1.53297
7 -4.78622 -1.55273
7 -3.78752 1.52675
7 -3.79785 -1.52163
7 -2.82898 -1.53467
0 -2.80895 1.51898
7.2 -4.79335 1.53255
7.2 -4.784 -1.54561
7.2 -3.80652 1.53331
7.2 -3.78661 -1.54888
7.2 -2.80884 1.52343
0 -2.7953 -1.53767
7.4 -4.79391 1.53546
7.4 -4.7881 -1.54514
7.4 -3.80124 1.53346
7.4 -3.7796 -1.54427
7.4 -2.80865 1.53756
0 -2.80607 -1.51064
7.6 -4.79128 1.5512
7.6 -4.80114 -1.53005
7.6 -3.7948 1.54691
7.6 -3.80112 -1.52829
7.6 -2.80451 1.54461
0 -2.82306 -1.517
7.8 -4.79393 1.55242
7.8 -4.80413 -1.52441
7.8 -3.79315 1.54369
7.8 -3.80808 -1.52419
7.8 -2.79507 1.54895
7.8 -2.83214 -1.55613
0 -1.78355 1.57417
8 -3.79444 1.54475
8 -3.80225 -1.54157
8 -2.80457 1.50305
8 -2.81691 -1.51903
8 -1.83739 -1.54426
0 -1.81178 1.52953
8.2 -3.78904 1.5541
8.2 -3.79554 -1.52173
8.2 -2.80284 1.54999
8.2 -2.79697 -1.53183
8.2 -1.80336 1.53569
0 -1.80857 -1.53276
8.4 -3.78874 1.55872
8.4 -3.80033 -1.5198
8.4 -2.79708 1.54955
8.4 -2.79136 -1.52618
8.4 -1.81582 1.55489
0 -1.81762 -1.53013
8.6 -3.78792 1.56122
8.6 -3.7971 -1.52451
8.6 -2.7897 1.55946
8.6 -2.80382 -1.51825
8.6 -1.79269 1.56027
0 -1.81718 -1.51007
8.8 -3.80283 1.56446
8.8 -3.80672 -1.51864
8.8 -2.79956 1.55775
8.8 -2.8104 -1.51417
8.8 -1.80328 1.56207
8.8 -1.82838 -1.50382
0 -0.788957 1.58802
9 -2.80331 1.55543
9 -2.80879 -1.52407
9 -1.82784 1.54513
9 -1.82762 -1.51049
9 -0.854951 -1.54476
0 -0.800357 1.55721
9.2 -2.79991 1.55407
9.2 -2.80378 -1.52059
9.2 -1.81122 1.55302
9.2 -1.80657 -1.53058
9.2 -0.81728 1.54237
0 -0.814116 -1.52323
9.4 -2.79685 1.57365
9.4 -2.81545 -1.50681
9.4 -1.80282 1.56473
9.4 -1.8106 -1.51446
9.4 -0.830052 1.57037
0 -0.838771 -1.51511
9.6 -2.79573 1.57844
9.6 -2.81393 -1.50488
9.6 -1.79842 1.5709
9.6 -1.81976 -1.50546
9.6 -0.800845 1.57118
0 -0.819408 -1.49296
9.8 -2.79898 1.57652
9.8 -2.81484 -1.50916
9.8 -1.7967 1.56749
9.8 -1.81946 -1.50465
9.8 -0.792859 1.56936
9.8 -0.845039 -1.51365
0 0.165792 1.55437
10 -1.80704 1.55923
10 -1.8179 -1.51366
10 -0.835493 1.50999
10 -0.828649 -1.51094
10 0.155354 -1.52088
0 0.146994 1.53671
10.2 -1.80391 1.55789
10.2 -1.81082 -1.52112
10.2 -0.816893 1.55321
10.2 -0.812886 -1.52962
10.2 0.181004 1.53969
0 0.164889 -1.52501
10.4 -1.80489 1.55896
10.4 -1.81488 -1.51933
10.4 -0.813084 1.55196
10.4 -0.805774 -1.52376
10.4 0.187503 1.56566
0 0.167324 -1.51677
10.6 -1.80805 1.56814
10.6 -1.83104 -1.50855
10.6 -0.810781 1.56126
10.6 -0.834608 -1.51525
10.6 0.185541 1.56004
0 0.149903 -1.50809
10.8 -1.81091 1.56895
10.8 -1.83283 -1.50456
10.8 -0.808118 1.55927
10.8 -0.834579 -1.51314
10.8 0.195953 1.5603
10.8 0.141784 -1.52207
0 1.20132 1.57339
11 -0.81277 1.5556
11 -0.831798 -1.5201
11 0.178081 1.5315
11 0.15029 -1.51892
11 1.12417 -1.54927
0 1.15419 1.53042
11.2 -0.801372 1.564
11.2 -0.819444 -1.51418
11.2 0.185277 1.55611
11.2 0.17893 -1.52653
11.2 1.18134 1.53171
0 1.17487 -1.51561
11.4 -0.801204 1.56766
11.4 -0.823936 -1.516
11.4 0.190393 1.55502
11.4 0.172259 -1.49161
11.4 1.17139 1.5516
0 1.16004 -1.49316
11.6 -0.800267 1.57059
11.6 -0.823793 -1.50809
11.6 0.198457 1.56521
11.6 0.172132 -1.51483
11.6 1.19434 1.56251
0 1.16384 -1.49727
11.8 -0.817068 1.56032
11.8 -0.83722 -1.52211
11.8 0.184758 1.54896
11.8 0.159959 -1.52454
11.8 1.18212 1.54923
11.8 1.12768 -1.53651
0 2.19387 1.57119
12 -0.0165838 1.55136
12 -0.0403753 -1.52226
12 0.96781 1.52691
12 0.928879 -1.53297
12 1.93193 -1.53737
0 1.94654 1.51995
12.2 0.182679 1.54896
12.2 0.162819 -1.52581
12.2 1.17233 1.52134
12.2 1.16884 -1.53728
12.2 2.12553 -1.54162
0 2.17049 1.51762
12.4 0.186775 1.56024
12.4 0.159062 -1.51569
12.4 1.1729 1.55009
12.4 1.15744 -1.53291
12.4 2.17301 1.52987
0 2.14609 -1.52851
12.6 0.186145 1.56398
12.6 0.155195 -1.51411
12.6 1.17917 1.5502
12.6 1.14805 -1.51316
12.6 2.1757 1.54607
0 2.1414 -1.52728
12.8 0.187914 1.56876
12.8 0.156781 -1.51492
12.8 1.1865 1.55971
12.8 1.15122 -1.5184
12.8 2.18083 1.55239
0 2.13478 -1.51478
13 0.177532 1.55629
13 0.152023 -1.52047
13 1.18036 1.54522
13 1.15107 -1.52897
13 2.17718 1.54338
13 2.12191 -1.53994
0 3.13731 1.52046
13.2 0.976404 1.54358
13.2 0.950266 -1.52694
13.2 1.96861 1.51605
13.2 1.91777 -1.5397
13.2 2.92324 -1.55101
0 2.97973 1.53363
13.4 1.17798 1.54619
13.4 1.14982 -1.53299
13.4 2.17212 1.5221
13.4 2.16412 -1.54143
13.4 3.11974 -1.55364
0 3.16416 1.5105
13.6 1.17756 1.54998
13.6 1.14784 -1.52334
13.6 2.16494 1.54093
13.6 2.14798 -1.54154
13.6 3.16482 1.51609
0 3.1092 -1.54409
13.8 1.17791 1.55535
13.8 1.14436 -1.52367
13.8 2.17067 1.54011
13.8 2.15084 -1.53377
13.8 3.16786 1.53538
0 3.12681 -1.5217
14 1.17902 1.55896
14 1.14482 -1.51888
14 2.17726 1.54839
14 2.14147 -1.5293
14 3.17308 1.54266
0 3.13419 -1.51989
14.2 1.17041 1.54903
14.2 1.13874 -1.52673
14.2 2.17075 1.53243
14.2 2.1336 -1.53358
14.2 3.18141 1.53288
14.2 3.11411 -1.54567
0 4.17453 1.55727
14.4 2.17056 1.53454
14.4 2.14206 -1.55043
14.4 3.16095 1.50871
14.4 3.10041 -1.55236
14.4 4.1093 -1.56521
0 4.1443 1.52911
14.6 2.17225 1.52987
14.6 2.14324 -1.54289
14.6 3.16011 1.52157
14.6 3.14109 -1.56266
14.6 4.15809 1.51266
0 4.1307 -1.55443
14.8 2.17267 1.54816
14.8 2.13229 -1.53243
14.8 3.16695 1.53309
14.8 3.14103 -1.54479
14.8 4.13967 1.51983
0 4.11363 -1.5364
15 2.17475 1.55432
15 2.13351 -1.53108
15 3.17342 1.5404
15 3.12818 -1.53766
15 4.16562 1.52944
0 4.10962 -1.53776
15.2 2.17168 1.54731
15.2 2.13211 -1.52561
15.2 3.17252 1.53505
15.2 3.13192 -1.5402
15.2 4.17943 1.53053
15.2 4.09931 -1.55834
15.2 5.15183 1.51806
0 5.10458 -1.60766
15.4 3.16288 1.52791
15.4 3.13238 -1.54639
15.4 4.17347 1.51988
15.4 4.10921 -1.56487
15.4 5.10119 -1.57591
0 5.16712 1.51387
15.6 3.16745 1.52783
15.6 3.13744 -1.54879
15.6 4.1551 1.51686
15.6 4.13619 -1.56616
15.6 5.15244 1.50222
0 5.12965 -1.55325
15.8 3.16647 1.5297
15.8 3.13324 -1.54688
15.8 4.16487 1.52145
15.8 4.13284 -1.5504
15.8 5.13647 1.51813
0 5.11338 -1.55953
16 3.17109 1.53722
16 3.12258 -1.53854
16 4.16896 1.52094
16 4.11902 -1.55605
16 5.1664 1.51137
0 5.09965 -1.56391
16.2 3.16839 1.534
16.2 3.12235 -1.54513
16.2 4.16976 1.51715
16.2 4.11993 -1.55573
16.2 5.16726 1.50891
16.2 5.09707 -1.5591
16.2 6.15102 1.49143
0 6.09018 -1.58113
16.4 4.16703 1.51619
16.4 4.12031 -1.56378
16.4 5.16466 1.47829
16.4 5.10697 -1.57273
16.4 6.08879 -1.59255
0 6.13093 1.47462
16.6 4.16668 1.52712
16.6 4.12482 -1.55016
16.6 5.15397 1.51188
16.6 5.12386 -1.5703
16.6 6.14944 1.4844
0 6.11669 -1.57621
16.8 4.16514 1.53259
16.8 4.12114 -1.54949
16.8 5.15919 1.51155
16.8 5.11917 -1.55186
16.8 6.12613 1.51191
0 6.10082 -1.56677
17 4.16713 1.53348
17 4.12285 -1.54934
17 5.16419 1.51829
17 5.12253 -1.55752
17 6.16048 1.51024
0 6.08691 -1.57517
17.2 4.15601 1.51897
17.2 4.11178 -1.55375
17.2 5.15969 1.50612
17.2 5.10515 -1.56505
17.2 6.15629 1.49592
17.2 6.08362 -1.58271
17.2 7.1378 1.49989
0 7.10587 -1.60238
17.4 5.15487 1.50239
17.4 5.11092 -1.58183
17.4 6.14435 1.47182
17.4 6.09855 -1.57627
17.4 6.98388 -1.68272
0 7.11655 1.47069
17.6 5.15753 1.50037
17.6 5.1144 -1.57556
17.6 6.14445 1.48562
17.6 6.11307 -1.59768
17.6 7.14313 1.46344
0 7.10652 -1.60279
17.8 5.15472 1.51993
17.8 5.10127 -1.56829
17.8 6.14679 1.49307
17.8 6.09942 -1.57399
17.8 7.14188 1.47845
0 7.08306 -1.56801
18 5.15458 1.51653
18 5.101 -1.55569
18 6.15205 1.50113
18 6.1052 -1.58801
18 7.14976 1.48946
0 7.0748 -1.58844
18.2 5.15241 1.51387
18.2 5.09947 -1.55736
18.2 6.15645 1.5006
18.2 6.09757 -1.57478
18.2 7.15537 1.49068
18.2 7.07111 -1.59371
18.2 8.12369 1.47217
0 8.07077 -1.61297
18.4 6.14864 1.49201
18.4 6.1043 -1.59441
18.4 7.1311 1.46525
18.4 7.09035 -1.58997
18.4 8.07479 -1.61809
0 8.11095 1.44224
18.6 6.14845 1.48488
18.6 6.10825 -1.58806
18.6 7.13595 1.47109
18.6 7.1079 -1.61089
18.6 8.12833 1.45471
0 8.10749 -1.61307
18.8 6.14803 1.49063
18.8 6.10566 -1.59264
18.8 7.14749 1.47584
18.8 7.10535 -1.59767
18.8 8.14017 1.45838
0 8.09358 -1.57579
19 6.14461 1.4929
19 6.09418 -1.59008
19 7.14289 1.47829
19 7.09525 -1.60015
19 8.13529 1.46311
0 8.0656 -1.60647
19.2 6.1423 1.48988
19.2 6.09159 -1.57989
19.2 7.14349 1.47396
19.2 7.08937 -1.59761
19.2 8.13925 1.4637
19.2 8.0638 -1.62253
19.2 9.1246 1.46214
0 9.06292 -1.61715
19.4 7.13976 1.47114
19.4 7.09148 -1.60945
19.4 8.12842 1.41108
19.4 8.08613 -1.60993
19.4 9.0643 -1.63126
0 9.12493 1.42657
19.6 7.14357 1.48949
19.6 7.09732 -1.59061
19.6 8.13021 1.47216
19.6 8.09534 -1.61127
19.6 9.12862 1.45827
0 9.09031 -1.60666
19.8 7.14378 1.497
19.8 7.09314 -1.58878
19.8 8.14084 1.47814
19.8 8.09503 -1.60235
19.8 9.13565 1.46486
0 9.07441 -1.60049
20 7.1442 1.49528
20 7.09412 -1.58827
20 8.14251 1.48073
20 8.09383 -1.59691
20 9.13537 1.46677
0 9.06739 -1.60171
20.2 7.13394 1.4773
20.2 7.08454 -1.59607
20.2 8.13672 1.4634
20.2 8.08673 -1.61404
20.2 9.1349 1.45138
20.2 9.06264 -1.62913
20.2 10.1151 1.44823
0 10.079 -1.64712
20.4 8.13286 1.46059
20.4 8.08411 -1.6217
20.4 9.11527 1.43514
20.4 9.07791 -1.62412
20.4 10.0521 -1.64486
0 10.0993 1.41391
20.6 8.13596 1.4596
20.6 8.08838 -1.6177
20.6 9.12274 1.44198
20.6 9.08697 -1.64049
20.6 10.1242 1.4137
0 10.0808 -1.63885
20.8 8.1303 1.47415
20.8 8.07518 -1.60767
20.8 9.12188 1.44919
20.8 9.07679 -1.62435
20.8 10.0926 1.43833
0 10.0544 -1.60882
21 8.13224 1.47671
21 8.07643 -1.60645
21 9.13103 1.45866
21 9.07648 -1.61874
21 10.1262 1.44564
0 10.0416 -1.63064
21.2 8.1295 1.47264
21.2 8.07411 -1.59826
21.2 9.13178 1.45551
21.2 9.07882 -1.62491
21.2 10.1272 1.4424
21.2 10.0598 -1.62788
21.2 11.088 1.40394
0 11.0658 -1.65481
21.4 9.12457 1.44835
21.4 9.07373 -1.63343
21.4 10.1196 1.41397
21.4 10.0753 -1.64794
21.4 11.0339 -1.67095
0 11.125 1.41933
21.6 9.12611 1.44442
21.6 9.0789 -1.62967
21.6 10.1132 1.42783
21.6 10.0777 -1.64452
21.6 11.1103 1.39943
0 11.0683 -1.66459
21.8 9.12699 1.45562
21.8 9.07617 -1.63317
21.8 10.1179 1.42693
21.8 10.0742 -1.6423
21.8 11.1053 1.40225
0 11.0512 -1.64793
22 9.12556 1.45452
22 9.07313 -1.61985
22 10.1241 1.43821
22 10.0755 -1.64046
22 11.1141 1.42199
0 11.0458 -1.64623
22.2 9.12301 1.4518
22.2 9.07252 -1.6236
22.2 10.123 1.43191
22.2 10.0747 -1.64199
22.2 11.1227 1.42412
0 11.0465 -1.65354
22.4 9.92104 1.435
22.4 9.87096 -1.64423
22.4 10.9297 1.4139
0 10.8721 -1.65703
22.6 10.309 1.43424
22.6 10.2644 -1.64749
22.6 11.3114 1.40593
0 11.2481 -1.65055
22.8 10.3116 1.43029
22.8 10.2646 -1.64143
22.8 11.2988 1.4153
0 11.2611 -1.65875
23 10.1117 1.44163
23 10.0619 -1.64104
23 11.1058 1.41997
0 11.0623 -1.65162
23.2 10.1124 1.4434
23.2 10.0623 -1.64156
23.2 11.1057 1.41842
0 11.0659 -1.6534
