0.2 -12.3 0 -7.51412e-09
0.4 -12.1 -1.50282e-09 -7.51412e-09
0.6 -11.9 -3.00565e-09 -7.51412e-09
0.8 -11.9 -3.00565e-09 -7.51412e-09
1 -11.7 -4.50847e-09 -7.51411e-09
1.2 -11.5 -6.01129e-09 -7.51412e-09
1.4 -11.3 -7.51412e-09 -7.51411e-09
1.6 -11.1 -9.01694e-09 -7.51412e-09
1.8 -10.9 -1.05198e-08 -7.51411e-09
2 -10.7 -1.20226e-08 -7.51403e-09
2.2 -10.5 -1.35254e-08 -7.51412e-09
2.4 -10.3 -1.50282e-08 -7.51412e-09
2.6 -10.1 -1.6531e-08 -7.51412e-09
2.8 -9.9 -1.80339e-08 -7.51411e-09
3 -9.7 -1.95367e-08 -7.51411e-09
3.2 -9.7 -1.95367e-08 -7.51412e-09
3.4 -9.5 -2.10395e-08 -7.51407e-09
3.6 -9.25989 0.017616 0.00603874
3.8 -9.0599 0.0188238 0.00603874
4 -8.8599 0.0200315 0.00603874
4.2 -8.63806 0.0196955 0.00846904
4.4 -8.43807 0.0213893 0.00846904
4.6 -8.23808 0.023083 0.00846904
4.8 -8.0637 0.0279085 0.00522469
5 -7.8637 0.0289535 0.00522469
5.2 -7.66371 0.0299984 0.00522469
5.4 -7.45588 0.0357264 0.0189512
5.6 -7.25592 0.0395164 0.0189512
5.8 -7.05595 0.0433064 0.0189512
6 -6.88761 0.0306677 0.00419703
6.2 -6.68761 0.0315071 0.00419703
6.4 -6.48762 0.0323465 0.00419703
6.6 -6.2891 0.0499233 -0.00068558
6.8 -6.0891 0.0497862 -0.00068558
7 -5.8891 0.0496491 -0.00068558
7.2 -5.69082 0.0383342 0.00209423
7.4 -5.49082 0.038753 0.00209423
7.6 -5.29082 0.0391719 0.00209423
7.8 -5.09731 0.0535239 -0.00303939
8 -4.89731 0.052916 -0.00303939
8.2 -4.69731 0.0523081 -0.00303939
8.4 -4.49409 0.064291 -0.00297183
8.6 -4.29409 0.0636966 -0.00297183
8.8 -4.09409 0.0631022 -0.00297183
9 -3.90356 0.0641595 -0.00182532
9.2 -3.70356 0.0637944 -0.00182532
9.4 -3.50356 0.0634294 -0.00182532
9.6 -3.306 0.0803076 -0.00556107
9.8 -3.106 0.0791954 -0.00556107
10 -2.906 0.0780832 -0.00556107
10.2 -2.70967 0.0666404 -0.00280631
10.4 -2.50967 0.0660791 -0.00280631
10.6 -2.30967 0.0655179 -0.00280631
10.8 -2.11973 0.0716607 -0.00676484
11 -1.91974 0.0703078 -0.00676484
11.2 -1.71974 0.0689548 -0.00676484
11.4 -1.51232 0.076911 -0.0069089
11.6 -1.31233 0.0755292 -0.0069089
11.8 -1.11233 0.0741474 -0.0069089
12 -0.925977 0.0612887 -0.00697366
12.2 -0.925977 0.0612887 -0.00697366
12.4 -0.725982 0.059894 -0.00697366
12.6 -0.528618 0.076036 -0.00985433
12.8 -0.328628 0.0740652 -0.00985433
13 -0.128637 0.0720943 -0.00985433
13.2 0.0669178 0.0575547 -0.00805711
13.4 0.0669178 0.0575547 -0.00805711
13.6 0.266911 0.0559433 -0.00805711
13.8 0.461733 0.0665164 -0.0103394
14 0.661722 0.0644486 -0.0103394
14.2 0.861712 0.0623807 -0.0103394
14.4 1.0569 0.050418 -0.0100812
14.6 1.25689 0.0484018 -0.0100812
14.8 1.45688 0.0463856 -0.0100812
15 1.65323 0.0604833 -0.0131437
15.2 1.85321 0.0578546 -0.0131437
15.4 2.0532 0.055226 -0.0131437
15.6 2.25084 0.044571 -0.0103131
15.8 2.45083 0.0425085 -0.0103131
16 2.65081 0.0404459 -0.0103131
16.2 2.84686 0.0414115 -0.0148981
16.4 3.04683 0.0384319 -0.0148981
16.6 3.24681 0.0354524 -0.0148981
16.8 3.44431 0.0438104 -0.014156
17 3.64429 0.0409792 -0.014156
17.2 3.84427 0.0381482 -0.014156
17.4 4.03493 0.0242217 -0.0146136
17.6 4.23491 0.0212991 -0.0146136
17.8 4.43489 0.0183765 -0.0146136
18 4.62801 0.0268408 -0.0168003
18.2 4.82798 0.0234809 -0.0168003
18.4 5.02795 0.020121 -0.0168003
18.6 5.2279 0.00545327 -0.0136247
18.8 5.42788 0.00272844 -0.0136247
19 5.62786 3.60377e-06 -0.0136247
19.2 5.81898 -0.000612709 -0.016159
19.4 6.01896 -0.00384437 -0.016159
19.6 6.21893 -0.00707604 -0.016159
19.8 6.41868 0.00780862 -0.015954
20 6.61865 0.00461796 -0.015954
20.2 6.81863 0.00142729 -0.015954
20.4 7.01097 -0.0163509 -0.0159198
20.6 7.21094 -0.0195348 -0.0159198
20.8 7.41092 -0.0227186 -0.0159198
21 7.60393 -0.0150771 -0.0175897
21.2 7.80389 -0.0185948 -0.0175897
21.4 8.00386 -0.0221126 -0.0175897
21.6 8.20178 -0.034186 -0.0156636
21.8 8.40175 -0.0373186 -0.0156636
22 8.60173 -0.0404512 -0.0156636
22.2 8.79952 -0.040726 -0.0161236
22.4 8.9995 -0.0439506 -0.0161236
22.6 8.9995 -0.0439506 -0.0161236
22.8 9.38774 -0.0458636 -0.0158238
23 9.58772 -0.0490282 -0.0158238
23.2 9.58772 -0.0490282 -0.0158238
23.4 9.58772 -0.0490282 -0.0158238
