0.502155 1.4611 134.041 0
0.301801 1.45713 134.878 1
0.100687 1.45903 140.704 2
0.896259 -1.53533 100.913 3
0.70174 1.45655 111.373 4
0.498236 -1.5405 128.689 5
0.301236 1.46038 140.861 6
0.101221 1.45395 165.414 7
0.899453 1.44283 116.361 8
0.701937 1.45593 139.016 9
0.500775 1.45795 129.454 10
0.301875 1.45716 133.199 11
0.0991225 -1.54327 141.352 12
0.900571 1.45654 104.68 13
0.701765 1.45512 122.987 14
0.501442 1.45925 136.731 15
0.30073 -1.54427 133.038 16
0.102258 1.45408 168.916 17
0.90277 1.46028 100.892 18
0.70275 1.45832 106.528 19
0.501564 1.45613 130.11 20
0.302356 1.45789 137.494 21
0.101464 1.45574 151.426 22
0.902904 1.46071 102.438 23
0.702619 1.45646 107.981 24
0.498556 -1.54105 129.142 25
0.302447 1.4577 139.248 26
0.102071 1.45534 153.849 27
0.901064 1.45656 104.015 28
0.701083 1.45358 112.856 29
0.499087 -1.54158 141.335 30
0.303706 1.46219 157.16 31
0.101031 1.45769 149.273 32
0.898816 1.455 101.502 33
0.702725 1.4573 111.189 34
0.501927 1.45947 133.569 35
0.301744 1.44839 149.32 36
0.0990509 -1.54556 181.887 37
0.900457 -1.53952 105.106 38
0.704225 1.4599 108.327 39
0.498347 -1.54029 134.539 40
0.301834 1.45719 143.833 41
0.100477 1.45707 148.523 42
0.900269 -1.54087 109.593 43
0.703326 1.45819 123.356 44
0.501604 1.45714 139.166 45
0.30167 1.45381 136.874 46
0.101324 1.45721 148.806 47
0.898004 1.45325 120.921 48
0.701302 1.45548 120.185 49
0.498362 -1.53999 131.89 50
0.303328 1.46234 135.088 51
0.10144 1.46289 153.252 52
0.899874 -1.54211 110.375 53
0.703348 1.45676 120.607 54
0.498077 -1.53937 134.436 55
0.301103 1.45607 135.606 56
0.10164 1.45087 157.771 57
0.899606 1.45538 104.14 58
0.703697 1.46014 118.373 59
0.498964 1.45427 133.734 60
0.300778 1.45572 137.747 61
0.100795 1.45782 162.873 62
0.902603 1.45782 108.77 63
0.7048 1.46056 130.819 64
0.501145 1.4582 133.661 65
0.303352 1.45947 140.992 66
0.100766 1.45824 144.583 67
0.89988 1.45885 106.237 68
0.701793 1.45624 118.165 69
0.501535 1.45815 142.129 70
0.301729 1.45958 134.337 71
0.300655 1.45239 137.552 72
0.100976 1.45859 166.805 73
0.898634 1.45501 106.25 74
0.701461 1.45727 127.704 75
0.502167 1.46122 135.846 76
0.302473 1.45978 145.593 77
0.10148 1.45573 144.113 78
0.895649 1.45623 99.8259 79
0.704005 1.45917 118.194 80
0.501846 1.45972 129.14 81
0.301862 1.45716 136.874 82
0.101134 1.45799 149.67 83
0.902918 1.46057 100.828 84
0.698488 1.45388 122.975 85
0.50088 1.45366 125.986 86
0.301971 1.45881 135.476 87
0.100498 1.45693 145.757 88
0.89975 -1.53992 101.521 89
0.70132 1.45407 109.047 90
0.502068 1.4615 131.691 91
0.302246 1.45958 146.339 92
0.101147 1.45729 151.059 93
0.898053 1.45201 110.467 94
0.70406 1.46044 100.991 95
0.502327 1.46237 131.126 96
0.302191 1.45163 137.405 97
0.10085 1.45742 152.861 98
0.900027 1.46029 113.5 99
0.700801 1.45426 102.617 100
0.501309 1.45523 115.381 101
0.300649 1.45324 128.978 102
0.100536 -1.53521 170.427 103
0.902118 -1.5446 109.614 104
0.700151 1.45348 99.593 105
0.498868 1.45349 110.778 106
0.30127 1.4556 113.633 107
0.100333 1.4557 150.721 108
0.901509 1.46282 84.4382 109
0.70281 1.45682 83.3126 110
0.500684 1.45784 94.0168 111
0.302058 1.46016 82.9729 112
0.100282 1.45993 95.4925 113
0.901226 -1.5444 83.8383 114
0.699236 1.45162 72.6726 115
0.500602 1.45773 66.078 116
0.30147 1.45386 64.4121 117
0.100121 1.45399 65.6527 118
