0.48352 -2.51163 96.3143 0
1.23339 -0.0930334 93.8669 1
1.10357 2.4172 101.755 2
0.899797 -2.5059 93.5376 3
0.700532 2.428 106.857 4
0.92975 0.484838 91.7364 5
0.465033 0.306674 97.0428 6
1.41747 -0.232132 107.76 7
0.732507 -0.216641 103.447 8
0.696183 2.42999 86.5324 9
0.369954 2.42477 92.5453 10
1.04938 0.388942 116.073 11
1.57712 0.044341 104.963 12
0.790685 -0.213194 92.283 13
0.413777 -0.00773856 124.946 14
0.410228 0.246998 97.9876 15
0.680231 0.297226 92.992 16
1.31526 0.0453277 99.4833 17
0.887444 2.44813 109.311 18
0.902829 -2.53002 81.7316 19
0.439029 0.0713908 83.1243 20
0.92313 0.145652 92.3946 21
0.229965 0.34853 93.6732 22
0.502765 -0.408334 118.693 23
0.862422 -0.196576 93.0258 24
0.695093 2.43086 85.9447 25
0 0 93.878 26
0.997567 0.0111447 115.724 27
1.47315 0.151933 96.6538 28
1.19847 -0.305766 114 29
0.891001 2.42045 83.7532 30
1.70039 -0.00620991 83.3316 31
0.679314 -0.0661527 90.8339 32
0.951268 -0.135213 91.5873 33
0.757276 -0.0991001 97.0798 34
0.929912 0.0454572 92.0135 35
0.587809 2.43663 87.2586 36
0.460349 0.0285581 106.888 37
1.31872 2.47355 104.521 38
1.535 -0.0129648 102.183 39
0.782233 2.39251 95.7604 40
0 0 89.1239 41
1.23349 -0.0530074 94.75 42
1.05868 0.377467 109.829 43
1.33446 -0.0299797 107.4 44
0.916043 -2.52696 96.7579 45
0.649815 -0.0665492 102.734 46
0.670472 2.41927 88.1735 47
0.496938 -2.54623 94.7093 48
0.299394 -2.51514 114.224 49
0.894696 0.0753493 106.426 50
0.894822 -2.53102 82.7642 51
1.9682 0.126377 98.6244 52
0.445985 -0.314114 110.076 53
0.634491 -0.443136 93.7799 54
1.04063 0.00545905 97.7414 55
0.760402 2.45131 90.1505 56
0.702879 -2.55586 101.754 57
1.06804 0.481738 89.0386 58
0.298626 -2.49776 107.683 59
0.656876 -0.0683444 102.545 60
1.90314 -2.55429 90.5478 61
0.69886 -2.55324 87.7941 62
0.136933 0.0303689 93.4347 63
0.282396 -2.51172 107.912 64
0.552469 -0.0155816 95.689 65
0.884405 2.46097 88.2131 66
0.548067 2.41401 102.693 67
0.918414 0.478138 93.5677 68
0.290478 -2.51409 95.6879 69
1.59698 -0.448405 114.527 70
1.88322 2.44378 83.7351 71
0.731169 -2.53145 84.517 72
0.348413 0.00794173 90.9318 73
0.767801 0.48428 95.1813 74
0.79262 -0.166485 98.1153 75
0.795655 2.4474 93.0978 76
0.501637 -0.0523995 86.1423 77
0.673185 2.44948 96.5172 78
0.996589 0.0725358 109.671 79
1.31594 2.448 91.9196 80
0.870848 -0.039014 102.591 81
1.91117 -2.5668 98.9305 82
0.365307 -0.0266398 101.699 83
1.3053 -0.307573 157.67 84
0.380427 2.39014 101.933 85
1.21276 2.44062 98.7923 86
0.0347142 -0.18119 108.482 87
0.703887 -0.0575244 95.7385 88
0.695868 -2.533 89.19 89
0 0 101.284 90
0.291017 -2.51341 91.9645 91
0.285887 -0.066391 106.875 92
0.760039 0.134858 85.6668 93
0.696119 -2.50036 90.5705 94
0.613316 -0.0684146 105.182 95
0.166287 2.41172 96.7265 96
1.09574 2.43016 117.397 97
0.87507 2.42431 102.828 98
0.605329 -2.45574 92.331 99
0.494871 -2.51097 102.46 100
0.290645 -2.55449 98.0814 101
1.06804 2.45868 110.442 102
0.577996 0.276047 104.785 103
0.891395 -2.53346 89.059 104
0.684252 2.41864 100.178 105
1.50861 2.48966 105.454 106
1.25064 -0.100119 108.25 107
1.10105 2.40499 107.369 108
0.878827 -2.50455 129.261 109
0.703803 -2.50529 99.738 110
1.49429 -2.51609 97.6308 111
0.191035 2.42977 97.9536 112
0.471472 -0.0393555 98.6559 113
0 0 87.004 114
0.704762 2.42553 103.197 115
0.352941 2.41306 100.606 116
0.288291 2.42559 87.5387 117