0.502155 1.4611 132.759 0
0.301801 1.45713 127.986 1
0.100687 1.45903 130.262 2
0.896259 -1.53533 94.7792 3
0.70174 1.45655 108.036 4
0.498236 -1.5405 115.779 5
0.301236 1.46038 146.848 6
0.101221 1.45395 149.504 7
0.899453 1.44283 105.058 8
0.701937 1.45593 103.644 9
0.500775 1.45795 129.342 10
0.301875 1.45716 122.142 11
0.0991225 -1.54327 136.453 12
0.900571 1.45654 96.8878 13
0.701765 1.45512 108.783 14
0.501442 1.45925 125.214 15
0.30073 -1.54427 139.094 16
1.09799 1.44843 128.282 17
0.90277 1.46028 102.195 18
0.70275 1.45832 98.1231 19
0.501564 1.45613 111.522 20
0.302356 1.45789 131.776 21
0.101464 1.45574 151.389 22
0.902904 1.46071 104.908 23
0.702619 1.45646 105.428 24
0.498556 -1.54105 123.814 25
0.302447 1.4577 135 26
0.102071 1.45534 149.225 27
0.901064 1.45656 104.655 28
0.701083 1.45358 97.991 29
0.499087 -1.54158 118.366 30
0.303706 1.46219 117.937 31
0.101031 1.45769 132.33 32
0.898816 1.455 98.8758 33
0.702725 1.4573 100.838 34
0.501927 1.45947 118.306 35
0.301744 1.44839 138.907 36
0.0990509 -1.54556 130.747 37
0.900457 -1.53952 95.4975 38
0.704225 1.4599 99.7026 39
0.498347 -1.54029 117.753 40
0.301834 1.45719 131.095 41
0.100477 1.45707 131.81 42
0.900269 -1.54087 97.921 43
0.703326 1.45819 108.827 44
0.501604 1.45714 121.246 45
0.30167 1.45381 126.122 46
0.101324 1.45721 134.412 47
0.898004 1.45325 106.604 48
0.701302 1.45548 103.232 49
0.498362 -1.53999 127.288 50
0.303328 1.46234 119.175 51
0.10144 1.46289 129.789 52
0.899874 -1.54211 92.4237 53
0.703348 1.45676 108.455 54
0.498077 -1.53937 132.635 55
0.301103 1.45607 122.215 56
0.10164 1.45087 132.242 57
0.899606 1.45538 93.6618 58
0.703697 1.46014 106.348 59
0.498964 1.45427 133.859 60
0.300778 1.45572 127.892 61
0.100795 1.45782 132.706 62
0.902603 1.45782 96.6701 63
0.7048 1.46056 106.084 64
0.501145 1.4582 125.291 65
0.303352 1.45947 129.922 66
0.100766 1.45824 143.252 67
0.89988 1.45885 100.68 68
0.701793 1.45624 107.196 69
0.501535 1.45815 113.059 70
0.301729 1.45958 120.85 71
0.101366 1.45868 133.377 72
0.897659 1.44838 97.827 73
0.698645 1.45478 102.86 74
0.501715 1.45872 111.052 75
0.300578 1.45403 123.574 76
0.101575 1.45501 134.647 77
0.902067 1.46191 93.3669 78
0.704405 1.46095 100.356 79
0.5017 1.45782 115.664 80
0.300558 1.45329 121.219 81
0.101024 1.45994 142.211 82
0.896102 -1.53653 100.905 83
0.702977 1.45808 99.4728 84
0.502193 1.46107 111.415 85
0.301569 1.45637 125.991 86
0.101497 1.4562 148.458 87
0.904081 1.46415 95.5686 88
0.702447 1.45636 97.2176 89
0.500805 1.45815 124.981 90
0.302925 1.46029 127.15 91
0.101139 1.45769 138.718 92
0.89734 1.45091 113.376 93
0.703343 1.45727 101.218 94
0.497535 -1.53654 118.272 95
0.301534 1.45807 114.375 96
0.0993336 -1.54294 148.855 97
0.90058 -1.54427 92.745 98
0.700526 1.45347 112.19 99
0.500631 1.45758 111.63 100
0.302031 1.45783 118.729 101
0.100877 1.45822 137.194 102
0.903306 -1.54612 97.3395 103
0.702701 1.45651 89.6903 104
0.502197 1.46066 90.7328 105
0.300652 1.45537 117.174 106
0.101379 1.45858 138.157 107
0.899403 1.4641 80.0249 108
0.703283 1.45788 84.7579 109
0.502051 1.46098 79.6464 110
0.301031 1.45613 81.5135 111
0.101051 1.45801 95.0127 112
0.899628 -1.53924 66.8926 113
0.701308 1.45447 64.1603 114
0.499204 -1.54256 78.4161 115
0.302151 1.45656 63.327 116
0.0994916 -1.53575 69.397 117
0.100989 1.45775 62.3091 118
