0.502155 1.4611 215.848 0
0.301801 1.45713 219.941 1
0.100687 1.45903 222.958 2
0.896259 -1.53533 173.832 3
0.70174 1.45655 176.078 4
0.498236 -1.5405 209.591 5
0.301236 1.46038 212.713 6
0.101221 1.45395 237.37 7
0.899453 1.44283 186.162 8
0.701937 1.45593 196.949 9
0.500775 1.45795 204.417 10
0.301875 1.45716 211.598 11
0.0991225 -1.54327 235.446 12
0.900571 1.45654 206.557 13
0.701765 1.45512 170.072 14
0.501442 1.45925 201.745 15
0.30073 -1.54427 220.99 16
0.0992603 -1.53493 239.99 17
0.90277 1.46028 171.874 18
0.70275 1.45832 160.953 19
0.501564 1.45613 195.922 20
0.302356 1.45789 213.14 21
0.101464 1.45574 230.877 22
0.902904 1.46071 183.594 23
0.702619 1.45646 176.147 24
0.498556 -1.54105 210.856 25
0.302447 1.4577 212.442 26
0.102071 1.45534 235.484 27
0.901064 1.45656 173.112 28
0.701083 1.45358 181.586 29
0.499087 -1.54158 213.506 30
0.303706 1.46219 205.921 31
0.101031 1.45769 232.009 32
0.898816 1.455 171.991 33
0.702725 1.4573 172.191 34
0.501927 1.45947 202.802 35
0.301744 1.44839 216.428 36
0.0990509 -1.54556 226.639 37
0.900457 -1.53952 176.532 38
0.704225 1.4599 178.233 39
0.498347 -1.54029 203.808 40
0.301834 1.45719 221.305 41
0.100477 1.45707 230.878 42
0.900269 -1.54087 177.133 43
0.703326 1.45819 170.816 44
0.501604 1.45714 207.121 45
0.30167 1.45381 215.947 46
0.101324 1.45721 231.636 47
0.898004 1.45325 191.755 48
0.701302 1.45548 183.596 49
0.498362 -1.53999 204.492 50
0.303328 1.46234 252.405 51
0.10144 1.46289 230.597 52
0.899874 -1.54211 185.467 53
0.703348 1.45676 206.417 54
0.498077 -1.53937 211.917 55
0.301103 1.45607 214.041 56
0.10164 1.45087 230.643 57
0.899606 1.45538 173.598 58
0.703697 1.46014 164.588 59
0.498964 1.45427 220.179 60
0.300778 1.45572 222.616 61
0.100795 1.45782 235.861 62
0.10175 1.45545 228.619 63
0.901645 1.4561 183.766 64
0.702979 1.45794 156.038 65
0.500699 1.45307 214.253 66
0.30244 1.45575 213.718 67
0.100124 -1.5404 233.746 68
0.902486 1.45709 172.949 69
0.702755 1.45688 178.075 70
0.498806 1.45631 214.537 71
0.302555 1.45381 219.909 72
0.101988 1.45726 240.418 73
0.901774 1.46087 193.301 74
0.701262 1.45873 161.574 75
0.502368 1.45889 187.389 76
0.303978 1.45478 233.473 77
0.101989 1.45448 214.787 78
0.899247 1.45488 180.423 79
0.703145 1.45905 168.883 80
0.50053 1.45437 203.361 81
0.302033 1.45403 225.112 82
0.10058 1.45756 221.418 83
0.90013 1.45012 172.773 84
0.699465 1.45335 176.76 85
0.501637 1.45882 179.948 86
0.302547 1.45672 223.858 87
0.100129 -1.53763 231.273 88
0.899877 1.45732 177.045 89
0.700886 1.45407 162.874 90
0.501763 1.46287 170.367 91
0.300735 1.45085 223.782 92
0.0990297 -1.53846 230.127 93
0.899402 1.45681 181.466 94
0.700312 1.45281 138.448 95
0.500244 1.45433 188.632 96
0.300813 -1.54316 198.741 97
0.101227 1.45672 206.749 98
0.901543 1.46124 108.592 99
0.702688 1.45635 148.343 100
0.499207 -1.5437 156.374 101
0.300711 1.45795 164.458 102
0.100613 1.46047 200.611 103
0.902456 -1.54483 140.245 104
0.700405 1.45297 101.797 105
0.502245 1.46016 115.006 106
0.30449 1.45984 151.181 107
0.101239 1.45929 176.028 108
0.901243 1.46245 93.9063 109
0.700177 1.45041 94.6978 110
0.501743 1.45882 92.946 111
0.30228 1.46033 97.3497 112
0.101091 1.46053 134.831 113
0.899486 -1.5383 71.6709 114
0.700381 1.44968 73.945 115
0.50098 1.45773 64.0701 116
0.300694 1.45498 64.4903 117
