0.502908 1.96244 98.2301 0
0.499708 1.96264 107.831 1
0.301321 1.9574 112.332 2
0.55382 -0.0327939 117.123 3
0.905431 1.95816 89.8785 4
0.700439 1.95306 92.4614 5
0.50032 1.96711 103.126 6
0.300859 1.96426 100.719 7
0.0991758 1.95971 112.817 8
0.905448 1.95293 98.921 9
0.705924 1.95678 94.1567 10
0.499254 1.96511 108.168 11
0.299204 1.95656 106.173 12
0.102124 1.96608 118.093 13
0.900491 -2.01866 93.3576 14
0.697716 1.95629 101.437 15
0.487938 -2.03431 111.301 16
0.300729 1.94682 106.716 17
1.10151 1.95742 110.453 18
0.905892 1.9494 90.4003 19
0.702466 -2.04297 103.698 20
0.500905 1.94782 101.685 21
0.302305 1.96105 118.555 22
0.0953804 1.95007 122.71 23
0.917121 -2.04057 88.094 24
0.702121 1.96446 93.0317 25
0.498543 1.95858 98.547 26
0 0 106.817 27
0.103517 1.94737 120.414 28
0.908069 1.94697 91.6098 29
0.676084 -2.00487 94.6753 30
0.496197 1.95135 108.909 31
0.297978 -2.03272 102.571 32
0.0992028 -2.04375 111.159 33
0.905089 1.95628 93.2912 34
0.701834 1.95976 100.284 35
0.496145 1.94351 110.494 36
0.298918 -2.02851 108.299 37
0.578254 -0.0364584 118.719 38
1.10755 1.95733 115.708 39
0.90042 -2.01785 95.2466 40
0.698901 1.96275 94.0216 41
0.488867 -2.03742 101.835 42
0.300539 1.94952 112.532 43
1.10583 1.9612 114.103 44
0.902069 1.94909 133.893 45
0.906557 1.94878 90.5321 46
0.704082 1.95955 100.076 47
0.501554 1.94795 103.234 48
0.301972 1.95221 110.338 49
0.0996297 -2.04424 119.89 50
1.07866 -2.02997 116.07 51
1.88404 -2.00838 98.8067 52
0.696181 1.96076 101.348 53
0.49516 -2.02733 99.0361 54
0.300976 1.939 116.684 55
0.101946 -2.04656 114.569 56
0.899794 1.96028 90.4673 57
0.700753 1.95871 101.385 58
0.499885 1.95307 110.387 59
0.291627 1.93864 116.283 60
0.101077 1.96041 119.673 61
0 0 99.0079 62
0.908313 1.96196 101.356 63
0.695694 1.93663 98.1171 64
0.500671 1.95292 102.976 65
0.299114 -2.0399 102.963 66
0.100329 -2.04009 118.501 67
0.904678 1.94387 93.1287 68
0.704991 1.95947 111.299 69
0.502752 1.96504 97.9159 70
0.300979 1.95255 116.856 71
0.103904 1.95618 116.273 72
0.907389 1.93969 93.799 73
0.699335 -2.03192 96.4651 74
1.0638 -0.086204 106.643 75
0.299708 -2.04169 110.709 76
0.100819 1.93597 112.837 77
0.906215 1.95825 96.0228 78
0.870329 1.93551 102.682 79
0.702686 -2.04577 103.137 80
0.500355 1.95487 105.654 81
0.3022 1.95735 102.436 82
0.599689 -0.074642 118.491 83
0.900799 -2.02789 87.1942 84
0.704366 1.9664 107.199 85
0.499664 1.9647 112.12 86
0.301947 1.94819 106.345 87
0.0981495 -2.03654 122.208 88
0.900627 1.96003 89.2389 89
0.695883 1.93416 108.856 90
0.49674 -2.0476 109.831 91
0.30024 1.95245 107.146 92
0.101005 -2.01654 108.356 93
0.902817 1.95238 90.3988 94
0.695766 -2.02373 102.612 95
0.497921 1.95683 98.7251 96
0.298894 -2.03078 116.181 97
0.301269 1.95619 105.806 98
1.10461 1.95813 126.904 99
0.902683 1.95881 94.6117 100
0.705577 1.96636 104.783 101
0.481191 -2.03921 106.643 102
0.299741 1.95695 128.43 103
0.103024 1.94848 120.736 104
0.901659 -2.01745 98.6231 105
0.702802 1.96431 108.552 106
0.499544 1.95578 119.309 107
0.300321 1.95955 109.863 108
0.303635 1.94575 112.717 109
1.10075 1.95535 128.768 110
0.904611 -2.03747 103.604 111
0.701292 -2.04588 102.565 112
0.499393 -2.04646 112.979 113
0.29871 -2.02928 109.799 114
0.104289 1.95373 129.98 115
0.101056 1.95207 131.218 116
0.907531 1.9504 91.7273 117