0.502155 1.4611 150.693 0
0.301801 1.45713 153.396 1
0.100687 1.45903 161.17 2
0.896259 -1.53533 125.121 3
0.70174 1.45655 143.376 4
0.498236 -1.5405 146.358 5
0.301236 1.46038 159.569 6
0.101221 1.45395 184.047 7
0.899453 1.44283 123.464 8
0.701937 1.45593 145.338 9
0.500775 1.45795 148.755 10
0.301875 1.45716 152.168 11
0.0991225 -1.54327 176.572 12
0.900571 1.45654 116.749 13
0.701765 1.45512 127.998 14
0.501442 1.45925 146.251 15
0.30073 -1.54427 155.619 16
0.0992603 -1.53493 165.81 17
0.90277 1.46028 112.798 18
0.70275 1.45832 116.061 19
0.501564 1.45613 137.769 20
0.302356 1.45789 155.977 21
0.101464 1.45574 186.553 22
0.902904 1.46071 112.08 23
0.702619 1.45646 119.869 24
0.498556 -1.54105 148.827 25
0.302447 1.4577 156.648 26
0.102071 1.45534 168.19 27
0.901064 1.45656 115.804 28
0.701083 1.45358 137.049 29
0.499087 -1.54158 167.341 30
0.303706 1.46219 157.216 31
0.101031 1.45769 164.95 32
0.898816 1.455 114.388 33
0.702725 1.4573 131.12 34
0.501927 1.45947 151.169 35
0.301744 1.44839 150.942 36
0.0990509 -1.54556 161.441 37
0.900457 -1.53952 114.417 38
0.704225 1.4599 121.034 39
0.498347 -1.54029 144.513 40
0.301834 1.45719 160.486 41
0.100477 1.45707 178.85 42
0.900269 -1.54087 122.092 43
0.703326 1.45819 121.006 44
0.501604 1.45714 147.55 45
0.30167 1.45381 159.988 46
0.101324 1.45721 162.92 47
0.898004 1.45325 122.731 48
0.701302 1.45548 122.972 49
0.498362 -1.53999 150.579 50
0.303328 1.46234 155.309 51
0.302184 1.45634 155.357 52
0.100614 1.46042 172.946 53
0.895641 -1.52061 118.278 54
0.701697 1.452 131.7 55
0.502037 1.46068 131.185 56
0.301198 1.45427 157.116 57
0.101238 1.4572 164.393 58
0.89904 1.45417 114.617 59
0.703635 1.46122 118.983 60
0.502051 1.46146 150.067 61
0.301357 -1.54543 153.987 62
0.101566 1.4545 164.048 63
0.903603 1.4621 125.917 64
0.70263 1.45724 118.891 65
0.500372 1.4561 149.852 66
0.299264 -1.53957 156.891 67
0.100883 1.45956 163.983 68
0.901021 1.45787 116.044 69
0.702471 1.45719 114.644 70
0.501262 1.45941 142.94 71
0.301485 1.45947 159.788 72
0.100964 1.45851 162.155 73
0.899391 1.45633 138.059 74
0.699151 1.4543 116.111 75
0.498494 -1.54014 140.105 76
0.300915 1.45619 152.978 77
0.101196 1.45688 178.364 78
0.900749 1.46092 114.716 79
0.702313 1.4544 131.655 80
0.502336 1.45896 148.672 81
0.301873 1.45706 153.257 82
0.100877 1.4617 164.273 83
0.900696 -1.54107 114.489 84
0.70223 1.45685 111.641 85
0.501952 1.46061 124.695 86
0.300709 1.45264 155.713 87
0.101201 1.45789 164.347 88
0.902079 1.45927 116.728 89
0.702073 1.45523 116.952 90
0.502442 1.46239 137.58 91
0.300276 -1.54633 160.357 92
0.101055 1.4576 172.75 93
0.896463 -1.5354 127.831 94
0.702692 1.45681 112.999 95
0.500102 1.45657 134.546 96
0.301978 1.45981 147.225 97
0.100512 1.46005 170.937 98
0.90016 1.45676 140.866 99
0.702871 1.45771 117.395 100
0.498725 -1.54196 134.27 101
0.300141 1.4564 173.229 102
0.10095 1.4575 174.438 103
0.901955 -1.54439 126.472 104
0.699421 1.45242 102.028 105
0.502815 1.46307 146.225 106
0.302604 1.45995 136.774 107
0.100776 1.45965 163.869 108
0.899713 1.45896 87.3119 109
0.701437 1.45293 90.1597 110
0.500872 1.45915 88.8264 111
0.303454 1.46119 88.8337 112
0.100481 1.4587 113.773 113
0.899163 1.45911 67.1989 114
0.701905 1.45524 64.8061 115
0.501782 1.45993 69.1421 116
0.300466 1.45383 64.0563 117