0.502155 1.4611 91.6569 0
0.301801 1.45713 84.9907 1
0.100687 1.45903 85.9291 2
0.901457 -1.54237 74.3752 3
0.70174 1.45655 77.0129 4
0.498236 -1.5405 83.3015 5
0.301236 1.46038 87.9796 6
0.100297 -1.53006 91.4309 7
0.701937 1.45593 79.0663 9
0.500775 1.45795 83.7376 10
0.301875 1.45716 85.7545 11
0.0991225 -1.54327 91.8189 12
0.900571 1.45654 82.9144 13
0.701765 1.45512 77.8623 14
0.501442 1.45925 94.2641 15
0.30073 -1.54427 91.5065 16
0.103145 1.45763 87.3375 17
0.90277 1.46028 76.224 18
0.70275 1.45832 84.7325 19
0.501564 1.45613 93.8863 20
0.302356 1.45789 85.9239 21
0.101464 1.45574 88.6967 22
0.902904 1.46071 73.3205 23
0.702619 1.45646 87.9823 24
0.498556 -1.54105 92.046 25
0.302447 1.4577 86.6375 26
1.1038 1.45948 89.2021 27
0.901064 1.45656 81.3548 28
0.701083 1.45358 80.6309 29
0.499087 -1.54158 88.5991 30
0.303706 1.46219 93.2047 31
0.101031 1.45769 89.0216 32
0.898816 1.455 74.8878 33
0.702725 1.4573 77.6959 34
0.501927 1.45947 83.5525 35
0.301744 1.44839 86.9651 36
0.0990509 -1.54556 89.3013 37
0.900457 -1.53952 95.22 38
0.704225 1.4599 77.9319 39
0.498347 -1.54029 86.6381 40
0.302242 1.45931 103.818 41
0.100477 1.45707 99.0389 42
0.900269 -1.54087 81.5631 43
0.703326 1.45819 80.0122 44
0.501604 1.45714 87.0944 45
0.30167 1.45381 88.4693 46
0.101324 1.45721 90.701 47
0.898004 1.45325 82.4121 48
0.701302 1.45548 81.6317 49
0.498362 -1.53999 89.1887 50
0.303328 1.46234 86.1124 51
0.10144 1.46289 91.8939 52
0.899874 -1.54211 102.121 53
0.703348 1.45676 85.2843 54
0.498077 -1.53937 84.7289 55
0.300486 1.44989 84.4203 56
0.10164 1.45087 89.8518 57
0.899606 1.45538 74.442 58
0.703697 1.46014 77.3534 59
0.498964 1.45427 84.4544 60
0.300778 1.45572 95.653 61
0.100795 1.45782 96.7255 62
0.902603 1.45782 80.6748 63
0.7048 1.46056 105.538 64
0.501145 1.4582 91.0428 65
0.303352 1.45947 86.2225 66
0.100766 1.45824 86.9823 67
0.89988 1.45885 85.8751 68
0.704344 -1.54099 82.5351 69
0.501535 1.45815 91.4702 70
0.301729 1.45958 91.6776 71
0.101366 1.45868 88.3085 72
0.897659 1.44838 76.8102 73
0.698645 1.45478 76.8989 74
0.501715 1.45872 84.3966 75
0.300578 1.45403 90.4001 76
0.100338 1.45904 86.2303 77
0.902067 1.46191 89.9205 78
0.704405 1.46095 80.7438 79
0.5017 1.45782 87.7907 80
0.300558 1.45329 94.1178 81
0.101024 1.45994 94.8475 82
0.896102 -1.53653 74.1649 83
0.702977 1.45808 79.3379 84
0.502193 1.46107 89.6666 85
0.300847 1.45184 84.5678 86
0.101497 1.4562 90.8467 87
0.904081 1.46415 75.0717 88
0.702447 1.45636 76.1707 89
0.500805 1.45815 85.2863 90
0.302925 1.46029 89.9944 91
0.101139 1.45769 92.7277 92
0.90585 1.46627 77.5284 93
0.703343 1.45727 86.0521 94
0.501831 1.46156 96.7227 95
0.301534 1.45807 85.3174 96
0.0993336 -1.54294 94.9614 97
0.90058 -1.54427 71.7476 98
0.700526 1.45347 80.3039 99
0.500631 1.45758 79.2025 100
0.302031 1.45783 81.4145 101
0.100877 1.45822 91.3716 102
0.903306 -1.54612 75.8279 103
0.702701 1.45651 74.5963 104
0.502197 1.46066 79.9148 105
0.300652 1.45537 81.5124 106
0.101379 1.45858 85.0895 107
0.899403 1.4641 71.9239 108
0.703283 1.45788 68.2121 109
0.502051 1.46098 72.9915 110
0.301031 1.45613 78.2002 111
0.101051 1.45801 88.0784 112
0.899628 -1.53924 68.1464 113
0.701308 1.45447 61.7583 114
0.499204 -1.54256 60.1025 115
0.302151 1.45656 65.726 116
0.0994916 -1.53575 61.8046 117