0.502155 1.4611 107.824 0
0.29922 -1.52924 125.269 1
0.101078 1.45933 100.384 2
0.927028 1.49081 97.9186 3
0.645997 -0.0733854 90.8496 4
0.499191 1.45416 103.805 5
0.301699 1.4579 124.24 6
1.09628 1.4473 111.608 7
0.899453 1.44283 102.915 8
0.702182 1.45554 94.3074 9
0.499686 -1.54332 95.1497 10
0.300995 1.45621 107.76 11
0.651533 0.000515665 103.699 12
0.900571 1.45654 89.4336 13
0.701765 1.45512 115.847 14
0.499315 -1.53066 104.931 15
0.302501 -1.53735 104.76 16
0.102258 1.45408 99.3624 17
0.894854 1.45829 89.7934 18
0.665406 -1.51693 93.1937 19
0.501564 1.45613 97.7292 20
0.298873 -1.5264 107.775 21
0.101464 1.45574 104.559 22
0.859723 -1.53837 94.6735 23
0.703779 1.45717 104.471 24
0.495697 -1.53361 97.3872 25
0.300879 1.45526 101.412 26
0.0974855 -1.53414 114.836 27
0.898601 1.4541 96.471 28
0.701375 1.45372 106.938 29
0.501635 1.4588 98.1827 30
1.30656 1.46557 101.494 31
0.101031 1.45769 108.923 32
0.885823 -1.52795 143.419 33
0.693359 1.4541 95.99 34
0.498338 1.45313 98.2669 35
0.300245 1.45608 104.718 36
0.101406 1.44842 102.105 37
0.900828 1.45418 99.8262 38
0.704225 1.4599 101.764 39
0.49615 -1.53618 125.281 40
0.302242 1.45931 120.479 41
0.101011 1.45776 104.486 42
0.900269 -1.54087 109.242 43
0.703326 1.45819 110.902 44
0.498972 -1.53061 98.8802 45
0.299962 -1.53995 100.955 46
0.101383 1.45751 99.2363 47
0 0 90.4626 48
0.644051 -0.0725588 108.385 49
0.499462 -1.52769 97.634 50
1.23172 -0.0572468 103.501 51
0.10132 1.43814 101.238 52
0.899874 -1.54211 106.34 53
0.700564 1.45407 96.364 54
0.780094 -0.0382558 96.2796 55
0.300659 1.45811 122.278 56
0.101355 1.45907 101.335 57
0.881248 -1.52193 88.4057 58
0.703697 1.46014 105.665 59
0.76165 -0.0428596 101.869 60
0.761886 -0.00776689 122.427 61
0.100795 1.45782 106.044 62
0.902603 1.45782 124.595 63
0.700343 -1.53931 94.371 64
0.948701 -0.0150704 101.196 65
0.303352 1.45947 109.576 66
0.100766 1.45824 102.073 67
0.898917 1.45273 99.0338 68
0.678028 -1.52206 95.3743 69
0.50089 1.45199 105.451 70
0.300263 -1.54006 108.183 71
0.100867 1.45606 106.645 72
0.901101 1.45885 88.9095 73
0.699822 -1.53721 112.805 74
0.498224 -1.53732 94.6018 75
0.272724 1.42172 105.111 76
0.0999301 -1.5361 130.291 77
0.895432 -1.53729 103.483 78
0 0 104.904 79
0.497002 -1.5364 114.825 80
0.290837 1.4505 102.248 81
0.101024 1.45994 98.4265 82
0.893749 -1.53227 88.8346 83
0.698651 1.45826 93.8588 84
0.501396 1.459 100.417 85
0.301923 -1.54067 113.678 86
0.508421 0.111224 104.369 87
0.88928 -1.53064 85.7678 88
0.697835 1.45309 88.919 89
0.497896 -1.54191 93.4581 90
0.302925 1.46029 94.8424 91
0.10048 1.45775 99.9873 92
0.895968 -1.54155 99.4062 93
0.70061 1.45267 89.2351 94
0 0 103.365 95
0.302783 1.45585 93.5854 96
0.0704378 -0.0495527 102.271 97
0.900507 -1.54214 87.9434 98
0.697498 -1.53589 88.7012 99
0.500631 1.45758 93.9344 100
0.302119 1.45476 95.8045 101
0.100877 1.45822 99.5387 102
0.853535 -0.942256 86.9317 103
0.699478 -1.51937 104.867 104
0.498991 -1.53041 104.749 105
0.298972 -1.53967 98.3336 106
1.10287 -1.54244 94.2879 107
0.899403 1.4641 82.6456 108
0.701522 1.45289 98.6533 109
0.501594 1.4542 87.6556 110
0.300882 -1.54703 88.7274 111
0.101051 1.45801 87.4488 112
0.899628 -1.53924 105.234 113
0.701308 1.45447 70.4625 114
0.499204 -1.54256 76.0905 115
0.302151 1.45656 68.6297 116
0.0994916 -1.53575 69.0448 117