0.502155 1.4611 176.899 0
0.301801 1.45713 190.906 1
0.100687 1.45903 180.848 2
0.896259 -1.53533 153.537 3
0.70174 1.45655 148.84 4
0.498236 -1.5405 172.153 5
0.301236 1.46038 194.264 6
0.101221 1.45395 199.801 7
0.899453 1.44283 133.512 8
0.701937 1.45593 147.41 9
0.500775 1.45795 172.972 10
0.301875 1.45716 185.6 11
0.0991225 -1.54327 181.35 12
0.900571 1.45654 131.797 13
0.701765 1.45512 136.122 14
0.501442 1.45925 177.055 15
0.30073 -1.54427 180.756 16
0.0992603 -1.53493 186.943 17
0.90277 1.46028 135.233 18
0.70275 1.45832 130.662 19
0.501564 1.45613 158.801 20
0.302356 1.45789 196.194 21
0.101464 1.45574 189.929 22
0.100903 1.45716 186.879 23
0.899302 1.454 149.993 24
0.702771 1.45736 140.781 25
0.498444 -1.54116 168.234 26
0.301638 1.45701 175.22 27
0.102271 1.45423 192.265 28
0.903119 1.45778 169.429 29
0.704215 1.46033 131.851 30
0.49952 -1.54129 176.363 31
0.302109 1.45842 180.132 32
0.101059 1.45933 190.815 33
0.901683 1.46181 142.212 34
0.703344 1.45813 147.094 35
0.497843 -1.53937 177.125 36
0.300818 1.4451 183.484 37
0.100907 1.45548 217.872 38
0.898799 -1.53901 136.859 39
0.703197 1.45781 136.016 40
0.499922 1.45468 170.717 41
0.302249 1.45938 195.85 42
0.101066 1.45718 198.768 43
0.900731 -1.54189 145.279 44
0.70375 1.46041 153.662 45
0.502402 1.46145 166.312 46
0.301941 1.45867 187.788 47
0.101071 1.45821 202.442 48
0.898989 1.45449 136.917 49
0.701276 1.44998 153.448 50
0.503135 1.46508 162.957 51
0.301467 1.45672 204.744 52
0.100539 1.45653 192.345 53
0.896435 -1.52378 136.305 54
0.702636 1.45575 150.227 55
0.500757 1.45801 170.265 56
0.301199 1.45435 182.725 57
0.100781 1.45742 198.806 58
0.899139 -1.54103 153.362 59
0.701518 1.45491 136.818 60
0.500046 -1.5448 187.264 61
0.301424 1.45487 205.242 62
0.100018 -1.54173 184.586 63
0.899224 1.45588 144.708 64
0.703678 -1.54377 153.33 65
0.500897 1.45766 164.564 66
0.302695 1.45862 187.504 67
0.100175 1.45577 189.87 68
0.900708 1.45845 137.002 69
0.702238 1.45712 146.459 70
0.502317 1.46041 170.863 71
0.301779 1.46032 178.887 72
0.101676 1.45032 200.964 73
0.900522 1.4598 139.654 74
0.699901 1.45404 152.275 75
0.500156 1.45174 185.257 76
0.300583 1.45694 169.892 77
0.101696 1.45548 194.522 78
0.902543 -1.54542 144.751 79
0.704217 1.46115 149.944 80
0.50012 1.45671 176.656 81
0.299539 1.45709 233.476 82
0.100964 1.45694 193.693 83
0.899643 -1.53878 137.096 84
0.70047 1.45271 148.398 85
0.50213 1.46084 162.335 86
0.302123 1.45569 190.118 87
0.101548 1.45069 186.382 88
0.898433 -1.5381 134.636 89
0.702613 1.45731 129.979 90
0.500635 1.4579 146.667 91
0.302301 1.4604 184.126 92
0.101271 1.45742 188.661 93
0.897413 1.45154 141.25 94
0.701905 1.45502 140.901 95
0.501289 1.45986 154.226 96
0.302583 1.45955 180.772 97
0.10068 1.457 187.729 98
0.900604 1.45716 130.011 99
0.699822 1.45219 129.531 100
0.501832 1.46062 139.632 101
0.300663 1.45656 185.693 102
0.0989215 -1.53627 204.773 103
0.900921 1.46117 108.803 104
0.705156 1.46339 119.809 105
0.500142 1.45498 121.685 106
0.301708 1.45703 138.398 107
0.100457 1.45701 147.063 108
0.899527 1.45837 113.724 109
0.701115 1.45243 95.7427 110
0.500867 1.45729 94.3645 111
0.301388 1.45731 90.4782 112
0.100572 1.45687 105.06 113
0.89996 1.45952 73.58 114
0.702154 1.45579 66.881 115
0.500891 1.45761 69.4875 116
0.301245 1.45799 68.347 117
0.0994964 -1.54104 66.974 118
