0.502895 1.46354 120.975 0
0.304477 1.45358 131.036 1
0.10104 1.45858 153.07 2
0.898463 -1.53935 109.7 3
0.70166 1.45615 112.778 4
0.499386 -1.54089 124.47 5
0.301042 1.45715 129.13 6
0.101984 1.45242 146.009 7
0.897355 1.45374 100.725 8
0.70417 1.4601 120.245 9
0.499466 -1.54525 137.292 10
0.301099 1.45424 132.217 11
0.101729 1.45718 137.981 12
0.897326 1.45348 136.031 13
0.701553 1.45411 101.517 14
0.497708 -1.5396 125.639 15
0.300768 1.45566 133.822 16
0.10159 1.45735 153.499 17
0.901194 1.46144 116.454 18
0.701722 1.45845 117.514 19
0.498172 -1.54017 126.694 20
0.301829 1.45731 148.09 21
0.101026 1.45878 155.296 22
0.896677 1.45587 101.918 23
0.703025 1.4578 107.789 24
0.703533 1.45891 124.573 25
0.500857 1.45951 123.257 26
0.299545 -1.54337 124.225 27
0.100123 -1.54097 138.887 28
0.901089 1.4559 99.7363 29
0.701339 1.45372 106.682 30
0.502518 1.46167 124.48 31
0.303734 1.45772 127.932 32
0.0994604 -1.54055 143.982 33
0.904431 1.46307 110.294 34
0.703163 -1.54504 122.319 35
0.498922 -1.54212 128.879 36
0.301685 1.45386 161.087 37
0.0995095 -1.53751 140.007 38
0.898692 1.43866 100.345 39
0.703787 1.4584 139.076 40
0.501164 1.45924 140.398 41
0.300869 1.45687 129.411 42
0.0991553 -1.53213 149.233 43
0.898133 1.4576 105.864 44
0.70325 1.45776 108.615 45
0.50265 1.46206 119.318 46
0.299224 -1.54601 130.669 47
0.101242 1.4576 149.423 48
0.897061 1.45733 104.182 49
0.70338 -1.54241 109.354 50
0.502359 1.46194 133.792 51
0.30093 -1.54594 131.542 52
0.300368 1.45188 130.118 53
0.10135 1.45644 148.063 54
0.901058 1.45817 116.045 55
0.703721 -1.54282 106.139 56
0.498709 -1.54025 133.458 57
0.29957 -1.5458 131.7 58
0.302492 1.46054 131.593 59
0.101777 1.45294 142.133 60
0.901495 1.462 117.253 61
0.702476 1.45771 123.174 62
0.503766 1.46395 129.183 63
0.300644 1.45894 126.714 64
0.294575 -1.54239 131.121 65
0.100671 1.4524 151.43 66
0.100428 -1.53828 146.04 67
0.89461 -1.53444 101.206 68
0.703053 -1.54293 149.779 69
0.501299 1.4591 136.213 70
0.299214 -1.54425 143.432 71
0.101398 1.45779 144.252 72
0.900525 -1.54014 100.633 73
0.701266 1.45453 141.467 74
0.502672 1.46278 128.558 75
0.299891 1.45336 137.928 76
0.101408 1.45674 148.558 77
0.899327 1.45926 98.6882 78
0.896406 -1.5392 125.776 79
0.699869 1.45149 114.173 80
0.502461 1.46079 127.35 81
0.302037 1.459 135.643 82
0.101209 1.4579 136.273 83
0.898923 1.45027 116.702 84
0.700135 1.45316 121.444 85
0.500832 1.45751 120.122 86
0.300668 1.45601 138.78 87
0.101231 1.45756 151.603 88
0.900596 1.45705 98.128 89
0.90297 1.46257 118.205 90
0.702933 1.45738 118.264 91
0.50144 1.45622 136.514 92
0.304481 1.45603 134.996 93
0.101027 1.45625 148.123 94
0.896277 -1.53705 96.3589 95
0.702587 1.45525 104.923 96
0.503165 1.46307 129.848 97
0.500273 1.45666 110.187 98
0.301695 1.45901 123.717 99
0.101969 1.45239 188.472 100
0.902489 1.46205 107.579 101
0.703642 1.45884 103.878 102
0.502635 1.46234 122.11 103
0.30231 1.45902 127.788 104
0.100583 1.46228 163.008 105
0.901101 1.45799 101.955 106
0.703412 1.45805 108.814 107
0.501274 1.45801 108.494 108
0.30285 1.4597 135.731 109
0.101155 1.45735 148.75 110
0.901456 1.46304 109.225 111
0.70218 1.45454 95.9897 112
0.502164 1.45852 119.629 113
0.503413 1.4628 116.079 114
0.302125 1.458 106.179 115
0.100632 1.45528 151.303 116
0.901106 1.45838 86.7798 117