0.502155 1.4611 223.416 0
0.301801 1.45713 214.683 1
0.100687 1.45903 227.165 2
0.896259 -1.53533 184.321 3
0.70174 1.45655 191.234 4
0.498236 -1.5405 201.664 5
0.301236 1.46038 234.551 6
0.101221 1.45395 222.435 7
0.899453 1.44283 179.604 8
0.701937 1.45593 190.093 9
0.500775 1.45795 230.774 10
0.301875 1.45716 211.286 11
0.0991225 -1.54327 215.744 12
0.900571 1.45654 174.748 13
0.701765 1.45512 171.603 14
0.501442 1.45925 203.704 15
0.30073 -1.54427 227.901 16
0.0992603 -1.53493 224.578 17
0.90277 1.46028 174.328 18
0.70275 1.45832 159.801 19
0.501564 1.45613 195.808 20
0.302356 1.45789 222.181 21
0.101464 1.45574 233.796 22
0.902904 1.46071 180.404 23
0.702619 1.45646 189.358 24
0.498556 -1.54105 204.567 25
0.302447 1.4577 212.364 26
0.102071 1.45534 246.127 27
0.901064 1.45656 172.173 28
0.701083 1.45358 165.136 29
0.499087 -1.54158 204.897 30
0.303706 1.46219 219.072 31
0.101031 1.45769 220.714 32
0.898816 1.455 173.139 33
0.702725 1.4573 173.735 34
0.501927 1.45947 197.601 35
0.301744 1.44839 216.427 36
0.0990509 -1.54556 227.809 37
0.900457 -1.53952 186.119 38
0.704225 1.4599 175.662 39
0.498347 -1.54029 221.625 40
0.301834 1.45719 215.879 41
0.100477 1.45707 223.031 42
0.900269 -1.54087 175.148 43
0.703326 1.45819 164.976 44
0.501604 1.45714 205.965 45
0.30167 1.45381 222.087 46
0.101324 1.45721 221.626 47
0.898004 1.45325 173.692 48
0.701302 1.45548 182.617 49
0.498362 -1.53999 206.754 50
0.303328 1.46234 218.107 51
0.10144 1.46289 245.752 52
0.899874 -1.54211 176.721 53
0.703348 1.45676 207.454 54
0.498077 -1.53937 218.152 55
0.301103 1.45607 213.662 56
0.10164 1.45087 243.562 57
0.899606 1.45538 171.436 58
0.703697 1.46014 170.27 59
0.498964 1.45427 247.297 60
0.300778 1.45572 237.467 61
0.100795 1.45782 240.086 62
0.902603 1.45782 184.02 63
0.7048 1.46056 187.992 64
0.501145 1.4582 216.853 65
0.303352 1.45947 228.92 66
0.100766 1.45824 267.617 67
0.89988 1.45885 182.522 68
0.701793 1.45624 204.942 69
0.501535 1.45815 197.487 70
0.301729 1.45958 214.82 71
0.101366 1.45868 225.447 72
0.897659 1.44838 174.066 73
0.698645 1.45478 198.403 74
0.501715 1.45872 192.286 75
0.300578 1.45403 213.896 76
0.101575 1.45501 213.352 77
0.902067 1.46191 172.089 78
0.704405 1.46095 157.242 79
0.5017 1.45782 216.884 80
0.300558 1.45329 214.81 81
0.101024 1.45994 239.501 82
0.896102 -1.53653 172.479 83
0.702977 1.45808 167.986 84
0.502193 1.46107 182.557 85
0.301569 1.45637 213.499 86
0.101497 1.4562 233.575 87
0.904081 1.46415 187.993 88
0.702447 1.45636 149.372 89
0.500805 1.45815 203.399 90
0.302925 1.46029 214.253 91
0.101139 1.45769 211.59 92
0.89734 1.45091 181.399 93
0.703343 1.45727 162.853 94
0.497535 -1.53654 186.931 95
0.301534 1.45807 177.508 96
0.0993336 -1.54294 200.08 97
0.90058 -1.54427 129.038 98
0.700526 1.45347 126.482 99
0.500631 1.45758 155.748 100
0.302031 1.45783 176.394 101
0.100877 1.45822 199.396 102
0.903306 -1.54612 148.304 103
0.702701 1.45651 118.842 104
0.502197 1.46066 116.211 105
0.300652 1.45537 172.641 106
0.101379 1.45858 187.724 107
0.899403 1.4641 101.977 108
0.703283 1.45788 90.8111 109
0.502051 1.46098 90.9073 110
0.301031 1.45613 101.95 111
0.101051 1.45801 142.145 112
0.899628 -1.53924 70.5243 113
0.701308 1.45447 73.5154 114
0.499204 -1.54256 70.0343 115
0.302151 1.45656 64.1549 116
0.0994916 -1.53575 63.3738 117