0.499177 -1.58228 155.739
0.303091 1.50276 104.523
0.101367 1.49959 116.109
0.901945 1.5031 88.57
1.70043 1.49685 95.4678
0.501712 1.5031 113.268
0.302188 1.49789 112.209
0.101396 1.49609 111.38
0.899781 -1.58367 93.9252
0.700999 1.49623 100.704
0.500797 1.50024 96.4627
0.301038 1.49773 112.412
0.101288 1.50029 108.813
0.898296 1.49709 100.539
0.700883 1.49725 109.044
0.501682 1.50219 114.806
0.302903 1.50281 108.588
0.100377 -1.58037 107.218
0.900063 -1.58482 81.5966
0.701812 1.49928 108.359
0.499104 1.49568 97.368
0.303021 1.50379 120.326
0.101349 1.49817 123.061
0.898193 -1.58543 98.7454
0.701594 1.4984 95.3824
0.500953 1.50116 98.0531
0.299537 -1.5876 108.603
0.1003 -1.5818 105.933
0.900612 1.49854 84.7129
0.700601 1.49315 95.4869
0.500954 1.49842 96.7992
0.302751 1.4987 109.428
0.0994521 -1.58038 111.485
0.897817 -1.5805 88.7557
0.699277 1.48928 99.7992
0.701732 1.50021 104.995
0.500482 1.4999 100.493
0.302153 1.49943 103.324
0.101092 1.50254 110.45
0.900029 1.50453 98.0491
0.70387 -1.58483 99.8425
0.700073 1.49376 102.529
0.501882 1.5037 111.854
0.302143 1.49999 134.626
0.10116 1.49775 134.272
0.899115 -1.58668 83.419
0.700835 1.49603 114.821
0.699317 1.49236 103.478
0.500502 1.5001 98.7987
0.302282 1.49837 103.783
0.0996304 -1.58188 117.375
0.90097 1.499 85.1565
0.699662 1.49388 95.046
0.700773 1.49615 124.415
0.499794 1.49935 97.9232
0.302729 1.50102 123.158
0.104792 1.48861 107.115
1.60356 -0.0235404 93.6868
0.702988 1.501 105.395
0.498412 -1.58162 99.5363
0.302776 1.49394 114.67
0.102956 -1.57223 110.095
0.709237 -0.0598507 98.2211
0.700405 1.495 94.3557
0.499942 1.49457 99.1931
0.302154 1.50718 106.223
0.300661 1.49718 107.654
0.101526 1.49779 108.488
0.894739 1.49524 90.9584
0.702374 1.49934 92.4816
0.500429 1.50054 99.3986
0.302645 1.50317 116.157
0.302216 1.50271 104.874
1.09892 -1.57761 118.678
0.0994214 -1.58148 116.007
0.899437 1.49549 81.3426
0.701038 1.49367 104.676
0.500179 1.50096 115.162
0.302479 1.50239 120.579
0.101488 1.49647 116.901
0.10019 -1.58253 107.168
0.876804 1.48339 89.9116
0.701775 1.50155 93.173
0.501238 1.50104 109.487
0.302957 1.4978 101.01
0.300883 1.49639 103.64
0.101312 1.49856 107.282
0.898987 1.49758 109.114
0.701895 1.4996 96.1195
0.502065 1.50445 111.389
0.298292 -1.58089 122.787
0.0997339 -1.57956 105.073
0.900925 1.50124 91.889
0.898461 1.49618 90.1248
0.701965 1.4972 93.0522
0.500299 1.49905 108.167
0.301036 -1.58853 105.098
0.100916 1.49911 136.462
0.90062 1.50032 82.9812
0.899533 1.49888 112.383
0.703872 -1.58847 175.231
0.500616 1.49917 95.8113
0.301139 1.49858 99.8059
1.10586 1.49734 113.269
0.896594 -1.575 99.862
0.887857 1.47533 94.6991
0.703266 -1.58265 97.093
0.500402 -1.57598 103.787
0.303754 1.50208 104.928
0.101069 1.49799 121.138
0.899849 1.4988 97.0403
0.700227 1.49464 89.5297
0.50044 1.49926 90.6681
0.501357 1.50056 97.4705
0.300874 -1.58673 109.762
0.101087 1.49783 110.681
0.900553 1.50152 83.2188
0.700176 -1.57535 84.9919
0.500919 1.50112 87.3462
0.500677 1.50127 93.5864
0.301523 1.49868 86.8696
0.103186 1.49443 115.618
0.898965 1.49792 91.7421
0.702325 1.50065 74.4707
0.497903 1.49487 73.4544
0.304378 1.49891 89.6199
0.300852 1.50059 76.9469
0.099237 -1.58294 90.1199
0.8973 1.4974 65.7561
0.701742 1.49624 67.3907
0.500755 1.49902 63.362
0.302854 1.50283 64.189
0.302929 1.50426 73.2027
0.101639 1.49881 62.7916
