0.502895 1.46354 110.297130
0.303763 1.45261 110.306131
0.10104 1.45858 115.012132
0.898463 -1.53935 109.38133
0.70166 1.45615 99.6918134
0.499386 -1.54089 105.2135
0.301042 1.45715 110.901136
0.101984 1.45242 116.902137
0.897355 1.45374 88.6176138
0.70417 1.4601 102.233139
0.499466 -1.54525 107.054140
0.301099 1.45424 120.119141
1.1044 1.45794 176.443142
0.897326 1.45348 94.7694143
0.701553 1.45411 125.017144
0.497708 -1.5396 137.688145
1.29689 -1.53965 150.727146
0.10159 1.45735 134.998147
0.10137 1.45929 120.672148
0.901319 1.46147 90.124149
0.701228 1.45551 99.5969150
0.50175 1.45725 119.631151
0.301002 1.45688 114.202152
0.100702 1.45897 129.878153
0 0 94.1194154
0.703433 1.45896 92.1204155
0.500924 1.456 104.138156
0.302103 1.45908 123.763157
0.0960809 -1.5465 121.269158
0.896813 -1.53509 86.2094159
0.700008 1.4512 91.2771160
0.4993 -1.54368 108.318161
0.302114 1.45653 113.658162
0.0994375 -1.54372 112.786163
0.901593 1.45875 91.4183164
0.702851 -1.54135 98.8505165
0.499808 -1.54512 104.588166
0.300269 -1.54663 111.293167
0.10128 1.45393 124.084168
0.898537 -1.51117 88.55169
0.703084 1.45713 96.2141170
0.500975 1.4578 104.267171
0.300325 -1.54257 115.938172
0.100958 1.46226 128.119173
0.901411 1.45214 87.5132174
0.702854 1.45656 106.872175
0.502501 1.46179 103.745176
1.29611 -1.53844 113.951177
0.302111 1.45624 119.339178
0.100925 1.46018 119.357179
0.895587 -1.53163 97.3878180
0.703806 -1.5439 102.742181
0.502366 1.45933 106.395182
0.300445 -1.53638 113.268183
0.294959 -1.53435 107.508184
0.101141 1.4583 126.086185
0.900835 -1.54223 91.6684186
0.704052 -1.54418 94.2148187
0.500525 1.45521 107.48188
0.303411 1.45545 122.163189
0.302143 1.4562 111.606190
0.101502 1.45625 124.293191
0.895662 -1.53353 91.5947192
0.701585 1.45422 101.816193
0.501171 1.45918 109.53194
0.30249 1.45916 111.999195
0.300893 1.45621 112.145196
0.101598 1.45378 117.589197
0.902465 -1.54639 88.7283198
0.703184 1.4571 95.6801199
0.498865 -1.53969 103.753200
0.302161 1.45988 107.435201
0.300834 1.4529 118.252202
0.101171 1.45675 124.28203
0.896665 -1.53535 88.629204
0.702279 1.45636 95.8928205
0.502051 1.46112 99.3474206
0.301113 1.45588 123.183207
0.101621 1.45347 121.112208
0.902225 -1.54423 87.0678209
0.901907 1.46213 88.5254210
0.702527 1.45712 89.7761211
0.499328 -1.54091 107.332212
0.301652 1.45735 112.852213
0.101227 1.45679 115.584214
0.901235 1.46136 97.515215
0.903743 -1.5482 85.3045216
0.702915 1.45851 89.3239217
0.496409 -1.53721 108.489218
0.303621 1.45928 118.606219
0.10107 1.45387 119.476220
0.90357 1.46298 91.8221
0.701202 1.45756 92.4654222
0.703278 -1.54081 95.7403223
0.500845 1.45939 108.678224
0.302079 1.4586 108.465225
0.102207 1.4484 124.45226
0.902181 -1.54517 83.8309227
0.700912 1.45381 98.4067228
0.500895 1.45785 98.2156229
0.499989 1.45597 98.9615230
0.302325 1.45649 112.601231
0.10129 1.45776 130.19232
0.901789 -1.54313 102.441233
0.698852 1.4517 90.832234
0.501965 1.46212 109.13235
0.501414 1.45931 98.4117236
0.301138 -1.54748 112.537237
0.101011 1.45757 123.355238
0.899514 1.45748 93.3214239
0.700534 1.45344 88.5399240
0.500595 1.45772 89.8447241
0.500138 -1.54505 96.8921242
0.300587 1.45483 114.769243
0.101503 1.45603 127.49244
0.901337 1.45663 96.7097245
0.702682 1.45503 98.6613246
0.499475 -1.54118 104.924247
0.498076 -1.54026 93.0202248
0.301924 1.45891 103.404249
0.10143 1.45842 115.346250
0.896246 -1.53824 86.7019251
0.702476 1.45725 83.3663252
0.502006 1.4601 78.4605253
0.502266 1.4611 80.2365254
0.301906 1.45836 90.151255
0.300031 -1.54263 101.283256
0.100738 1.45815 97.1038257
0.899044 -1.53928 64.0911258
0.702858 1.45734 75.2895259
0.501918 1.4606 72.9485260
0.300597 1.45542 72.7577261
0.100828 1.45475 61.817262
0.101258 1.45785 70.1783263
