0.502155 1.4611 111.886 0
0.301801 1.45713 106.433 1
0.100687 1.45903 110.169 2
0.896259 -1.53533 85.0664 3
0.70174 1.45655 130.479 4
0.498236 -1.5405 123.449 5
0.301236 1.46038 111.588 6
1.09628 1.4473 114.322 7
0.90089 -1.50291 117.408 8
0.701937 1.45593 132.802 9
0.500775 1.45795 142.506 10
0.301875 1.45716 149.793 11
0.0991225 -1.54327 146.417 12
0.900571 1.45654 96.3254 13
0.701765 1.45512 92.7705 14
0.501442 1.45925 110.251 15
0.30073 -1.54427 122.174 16
1.09799 1.44843 112.378 17
0.90277 1.46028 90.6866 18
0.70275 1.45832 94.407 19
0.501564 1.45613 117.204 20
0.302356 1.45789 111.715 21
0.101464 1.45574 112.779 22
0.902904 1.46071 84.647 23
0.702619 1.45646 96.8428 24
0.498556 -1.54105 105.176 25
0.302447 1.4577 107.908 26
1.1038 1.45948 117.039 27
0.901064 1.45656 88.417 28
0.701083 1.45358 87.9337 29
0.499087 -1.54158 105.164 30
0.303706 1.46219 111.321 31
0.101031 1.45769 114.736 32
0.898816 1.455 85.2975 33
0.702725 1.4573 93.363 34
0.501927 1.45947 99.8464 35
0.301744 1.44839 103.991 36
0.0990509 -1.54556 112.101 37
0.900457 -1.53952 99.4511 38
0.704225 1.4599 88.9161 39
0.498347 -1.54029 102.552 40
0.301834 1.45719 117.626 41
0.100477 1.45707 130.723 42
0.900269 -1.54087 85.5979 43
0.703326 1.45819 90.9239 44
0.501604 1.45714 105.257 45
0.30167 1.45381 112.893 46
0.101324 1.45721 109.528 47
0.898004 1.45325 89.3956 48
0.701302 1.45548 90.442 49
0.498362 -1.53999 104.161 50
0.303328 1.46234 104.471 51
0.10144 1.46289 112.131 52
0.899874 -1.54211 86.8341 53
0.703348 1.45676 111.732 54
0.498077 -1.53937 119.159 55
0.301103 1.45607 106.515 56
0.10164 1.45087 114.056 57
0.899606 1.45538 81.9803 58
0.703697 1.46014 94.4017 59
0.498964 1.45427 104.224 60
0.300778 1.45572 109.961 61
0.100795 1.45782 114.097 62
0.902603 1.45782 99.8679 63
0.7048 1.46056 100.473 64
0.501145 1.4582 99.3121 65
0.303352 1.45947 107.214 66
0.100766 1.45824 115.531 67
0.89988 1.45885 85.44 68
0.701793 1.45624 96.6358 69
0.501535 1.45815 106.13 70
0.301729 1.45958 116.896 71
0.300655 1.45239 105.818 72
0.100976 1.45859 112.183 73
0.898634 1.45501 85.288 74
0.701461 1.45727 101.715 75
0.502167 1.46122 97.214 76
0.302473 1.45978 104.617 77
0.101334 1.45557 112.463 78
0.895649 1.45623 113.424 79
0.704005 1.45917 90.7164 80
0.501846 1.45972 97.0995 81
0.301862 1.45716 108.121 82
0.101134 1.45799 111.507 83
0.902918 1.46057 88.6436 84
0.698488 1.45388 91.8331 85
0.50088 1.45366 99.8187 86
0.502137 1.46175 104.769 87
0.301324 1.4587 113.441 88
0.101253 1.45604 152.383 89
0.899597 1.45866 86.1594 90
0.703075 1.458 88.7384 91
0.501037 1.45928 96.9029 92
0.300666 -1.54695 108.837 93
0.101151 1.45671 116.266 94
0.908822 1.47079 100.993 95
0.700111 1.45222 89.7144 96
0.499792 1.45303 98.7025 97
0.30401 1.4577 112.326 98
0.0992235 -1.53974 123.527 99
0.900753 1.46078 83.7815 100
0.703857 1.45926 90.4777 101
0.502224 1.46094 92.6257 102
0.299776 1.45609 148.278 103
0.0987917 -1.53951 117.792 104
0.896554 1.45209 87.6415 105
0.703065 1.45849 82.4524 106
0.50079 1.45797 82.0706 107
0.3008 1.45391 110.154 108
0.0984992 -1.54043 108.036 109
0.900551 1.4611 70.0143 110
0.70226 1.45538 74.7001 111
0.501494 1.45922 76.9163 112
0.302063 1.45715 84.6836 113
0.101234 1.4571 85.8137 114
0.901623 1.46075 81.2372 115
0.899801 1.45897 72.6816 116
0.701067 1.45445 64.729 117
0.500739 1.45725 61.3165 118
0.30217 1.45718 67.6711 119
0.101089 1.45702 66.1872 120
