0.826351 -0.555572 74.5961 0
0 0 72.1222 1
2.72147 -4.35291 70.9047 2
1.81694 -0.128397 68.5549 3
0 0 69.3941 4
0.508249 0.0391208 71.214 5
0.661977 0.407647 80.0304 6
1.27308 -0.698045 99.8278 7
1.7934 -0.795737 124.98 8
0 0 72.8271 9
0.589644 -0.330723 87.4022 10
0.653015 -0.0953502 89.6182 11
0.633219 0.211508 78.3181 12
0.672551 -0.251233 73.2135 13
1.18743 -0.168089 68.6247 14
1.52494 -0.139417 88.2786 15
0 0 74.8927 16
0 0 78.1136 17
0.168177 0.146926 78.8407 18
1.72904 -1.4726 70.7529 19
1.1462 0.29312 75.7637 20
0.851205 0.265978 72.037 21
0 0 71.3714 22
0.068872 0.282631 77.4231 23
1.64656 -0.859517 75.906 24
1.58674 0.408895 69.2012 25
0.409983 0.0115881 72.6221 26
0 0 74.3309 27
0.782984 -0.132042 72.692 28
1.61638 2.53855 76.5386 29
0.356952 0.299754 76.2394 30
0 0 76.022 31
1.26547 1.36542 71.3569 32
0.674545 -0.254576 72.5352 33
0.382961 -0.234551 74.2281 34
0.500897 -0.323359 76.4046 35
0 0 79.1857 36
0 0 71.8273 37
0.678266 -0.262046 77.837 38
1.6729 1.37516 68.8645 39
1.14501 0.291684 75.2811 40
0.512205 0.0394153 72.1712 41
0.330633 0.120428 77.1301 42
1.50234 0.281184 71.7589 43
7.41036 -11.1265 70.4219 44
0 0 77.0132 45
1.44802 -0.240611 79.4713 46
0 0 74.9957 47
0.21213 0.0618134 71.4527 48
1.4942 -0.0869224 68.9949 49
0.736257 -0.0425097 71.7107 50
0 0 74.8562 51
0 0 73.5354 52
3.57044 -0.983044 77.4345 53
0 0 75.8712 54
0 0 70.5924 55
0.512655 0.0391412 72.7921 56
0 0 72.5843 57
0.682474 -0.331294 83.0213 58
1.49093 -0.0866661 75.8542 59
0.357309 0.300426 75.4486 60
1.43867 -0.24161 76.9609 61
1.20094 -0.755057 71.3408 62
0 0 78.899 63
7.37569 -11.0755 88.1172 64
0.73081 -0.0438491 79.0829 65
0.00569556 2.1992 73.5272 66
0 0 74.6844 67
1.39167 -0.299422 78.9628 68
7.3503 -11.0899 77.2496 69
0.181682 0.200407 76.8713 70
0 0 79.8193 71
0.759798 -0.515835 79.0473 72
0 0 73.0112 73
1.55657 0.257056 71.8941 74
1.28718 -0.342093 70.6951 75
0.374631 -0.47748 81.2529 76
2.19875 -0.951573 79.1059 77
0 0 71.5771 78
0.504954 -0.353403 70.6867 79
0 0 74.2234 80
0.891396 0.477555 70.274 81
2.42633 -0.107739 70.8185 82
0.681534 0.46893 70.9961 83
0.842404 0.174736 71.8397 84
1.71446 0.127705 79.8931 85
9.1503 5.21563 75.594 86
0.678406 0.464053 68.7466 87
1.11108 0.210983 71.2153 88
2.94445 -0.424743 71.0124 89
1.54971 -0.684267 66.8071 90
2.23643 -0.018259 69.1111 91
0.219598 -0.288324 68.8421 92
2.67607 -0.0186497 69.3176 93
2.27875 0.465949 77.0247 94
2.20187 -2.01954 82.8368 95
2.74442 1.85902 68.6151 96
0 0 69.4168 97
0.995287 -0.34805 69.7987 98
1.78214 -0.342608 71.6954 99
0.543464 0.0454876 77.2754 100
5.22562 0.986758 72.6809 101
0 0 79.8921 102
0 0 69.1241 103
0.61574 0.228377 90.7319 104
0 0 66.3949 105
0 0 70.8589 106
0 0 66.9538 107
0.898345 -0.080225 68.7201 108
0 0 67.0323 109
3.70577 0.149012 72.7762 110
1.28331 0.147426 69.3068 111
0 0 65.5533 112
0 0 66.6833 113
0.497143 -0.872675 62.654 114
0.220378 0.262753 72.9037 115
0 0 61.0858 116
1.03891 -0.345256 64.5191 117
0 0 61.0432 118
0 0 55.7904 119
