0.499177 -1.58228 111.763
0.303091 1.50276 115.778
0.101367 1.49959 111.781
0.901945 1.5031 81.6376
1.70043 1.49685 98.7476
0.501712 1.5031 95.2634
0.302188 1.49789 103.984
0.101396 1.49609 113.597
0.899781 -1.58367 101.868
0.700999 1.49623 127.833
0.500797 1.50024 101.323
0.301038 1.49773 130.364
0.101288 1.50029 123.643
0.898296 1.49709 104.505
0.700883 1.49725 95.3528
0.501682 1.50219 109.837
0.302903 1.50281 106.871
0.100377 -1.58037 111.505
0.900063 -1.58482 82.3117
0.701968 1.49983 93.4509
0.702823 1.50026 98.5091
0.498788 -1.58508 97.7056
0.300955 -1.58855 116.716
0.101595 1.49635 112.536
0.9001 -1.58674 84.8682
0.70092 1.49569 96.8218
0.704091 1.50307 93.3313
0.503277 1.50292 103.518
0.303038 1.50456 114.013
0.101496 1.49903 121.538
0.896831 -1.58658 81.3802
0.701428 1.49619 103.975
0.701873 1.50122 103.386
0.501983 1.50362 112.062
0.300835 1.49808 135.608
0.101462 1.49686 119.505
0.899559 1.50035 94.171
0.89489 1.49241 85.5463
0.70246 1.49874 105.191
0.500906 1.49915 98.9381
0.300917 1.49754 122.226
0.101604 1.49791 110.653
0.899405 1.49725 92.8653
0.700337 1.49234 98.8731
0.700146 1.49326 97.4509
0.499346 -1.57943 110.676
0.303124 1.50385 107.343
0.101088 1.49891 122.442
0.900169 -1.58574 84.6525
0.702756 1.49995 97.2761
0.50026 1.50046 101.365
0.301883 1.5017 119.366
0.29884 -1.58357 117.62
0.100298 -1.57994 110.441
0.899134 1.49681 84.4397
0.703854 1.50166 97.9085
0.500578 1.50081 96.3828
0.501037 1.49868 94.1785
0.301326 1.50212 111.611
0.100576 -1.57957 144.82
0.899833 1.48754 92.6666
0.702988 1.50013 100.034
0.499504 1.49842 102.598
0.501419 1.50424 102.814
0.302941 1.5048 115.065
0.10072 1.49862 115.779
0.897151 -1.57894 84.3669
0.701741 1.49519 94.913
0.502004 1.50429 102.364
0.300147 -1.58143 110.059
0.100838 1.50209 128.172
0.899578 -1.58214 86.285
0.701338 1.49679 99.4571
0.501173 1.50145 107.557
0.301084 1.50168 117.894
0.303265 1.50604 108.462
0.101132 1.49987 115.853
0.901393 -1.58627 82.9067
0.703597 1.5023 94.6072
0.498916 1.49677 98.1446
0.299796 -1.58092 108.116
0.100613 1.50033 124.314
0.901062 -1.58255 86.7743
0.702779 1.50002 94.3688
0.499708 1.49814 107.319
0.300522 -1.58645 113.506
0.301414 1.499 107.777
0.0998949 -1.5811 125.243
0.89684 -1.58151 93.6047
0.702372 1.4999 97.9993
0.500066 1.49945 92.5239
0.302724 1.49809 110.972
0.300551 1.49566 112.161
0.100521 -1.5772 111.035
0.898293 -1.57643 82.2832
0.702947 1.49865 91.0286
0.499553 -1.57974 110.749
0.299813 -1.58492 113.394
0.10074 1.49812 112.044
0.100551 1.50241 113.007
0.902439 1.50316 103.38
0.703007 1.50008 104.323
0.499382 -1.58367 110.942
0.302428 1.49888 145.024
0.299739 -1.5871 114.427
1.10655 -1.59045 127.038
0.899892 1.49903 85.235
0.701605 1.49817 93.3834
0.500444 1.50002 110.483
0.302701 1.49857 107.003
0.302808 1.50129 105.702
0.102339 1.49206 116.748
0.898964 1.49911 114.81
0.903713 1.50479 96.3819
0.700422 1.49403 95.2919
0.501145 1.50048 89.6585
0.2987 -1.58039 137.407
0.303011 1.5018 102.125
0.10138 1.49967 124.297
0.100598 1.5008 118.948
0.900095 -1.5872 85.7689
0.700114 -1.57501 86.1704
0.501677 1.49925 89.1385
0.30313 1.49784 100.797
0.303088 1.50275 95.8814
0.101436 1.49878 113.912
0.101539 1.50012 111.736
0.895646 1.49094 92.2927
0.701036 1.49703 102.011
0.500698 1.49901 74.641
0.302381 1.50199 84.1747
0.101025 1.49353 98.2644
0.101781 1.49508 85.2518
0.895644 1.49529 66.8499
0.702933 1.49998 72.4298
0.49762 -1.57798 70.5287
0.302835 1.50373 62.2883
0.101233 1.49716 63.3756
