1.2995 -1.58373 74.7605
0.0988004 -1.5777 81.9608
0.369196 -0.0754898 92.2131
0.502975 1.50528 75.3625
1.29673 -1.58174 75.5655
0.557709 0.142438 83.7381
0.66799 0.458667 81.1956
0 0 73.3431
0.140898 0.159504 75.95
1.2995 -1.58373 133.02
0.0988004 -1.5777 84.8354
0.677512 -0.0398736 77.7433
0 0 91.9548
0.500869 1.49607 81.9088
0.623882 -0.0987621 86.2422
0.0993707 -1.58521 77.0008
0.62547 -0.0403175 73.7477
0 0 81.6934
0.501452 1.50028 76.4021
0.500049 1.49892 76.3163
0.669012 -0.109312 76.7047
1.25491 0.0569882 76.1552
0 0 74.3901
1.15327 -0.151454 74.2365
0.699977 1.49245 94.7187
0.964187 -0.0337802 87.1535
0.000137384 -0.0458994 84.7313
0 0 77.0665
0 0 71.7479
0.700042 1.49355 80.2425
0.682799 -0.0331231 73.4476
0.301988 1.49655 77.4645
0.30123 -1.58262 76.1065
0.950686 -0.0463709 79.7003
0.48454 -0.0523996 70.8808
0 0 73.368
0.599036 -0.0280217 74.1178
0.797373 0.935656 73.5736
1.10569 1.49761 82.32
0.101279 1.48356 76.4737
0.428514 0.129688 72.0664
1.16524 -0.063031 78.0903
0.45314 -0.0623953 74.3294
0.578621 -0.0547044 79.2373
1.10123 1.4956 79.4414
0.900616 1.49913 70.7123
0.744058 -0.0418481 75.1618
1.14517 -0.156589 82.6959
0.890806 -0.0475806 76.1666
0.300543 1.49484 79.8314
0.36587 -0.234937 75.1018
1.52334 0.287047 73.789
0 0 70.041
1.16437 -0.1565 75.614
0 0 84.1149
0.67916 -0.108782 95.3948
0.486134 0.236572 81.7749
0 0 71.6198
0.890951 1.50216 71.6813
0.969978 -0.106854 72.655
0.700791 1.49448 90.6764
0.827158 -0.0579364 81.749
0.675902 -0.109999 83.0226
0.100119 -1.58339 84.9935
1.40391 -0.0247875 70.7046
0.969227 -0.106787 71.8926
0.647778 -0.0593675 79.1855
0 0 75.319
0 0 81.8126
0.467731 0.0665795 70.5961
0.700546 -1.58023 85.5528
0.498301 1.49806 78.9983
0.295839 -1.57857 81.6226
0 0 87.6795
0.897637 1.50019 70.6
1.15052 -0.150691 74.3101
0 0 79.1098
0.613275 -0.0447884 90.0046
0.456909 -0.044402 78.7343
0.904253 1.46883 72.8465
1.69908 1.4963 70.9708
0.501107 1.49639 76.0408
0 0 86.5043
0.490954 -0.0413574 76.7957
1.07471 0.145209 74.674
0 0 72.8873
0.686005 0.000844593 77.3006
0 0 86.5286
0.099981 -1.58188 78.0153
0.101694 1.49818 91.2659
0.0499589 -0.0495138 76.3366
1.4157 0.000616575 76.8958
1.00074 0.100587 79.5009
0.300458 -1.57772 77.8577
0.465791 -0.0456336 88.9318
0.531982 -0.0194169 68.2884
0.543621 0.25451 70.0454
0.857977 -0.0436144 73.8991
1.30576 -1.58776 85.1052
0 0 78.2155
0.892718 1.49457 79.564
0.703414 -1.58338 78.0823
0.500881 1.49511 77.4401
0.30863 1.48427 75.1272
1.01173 -0.0307753 76.2021
0.504891 -0.0808438 95.9294
0.83621 -0.231086 122.483
1.20621 -0.065301 79.5841
0.497581 -1.58026 82.9833
0.301098 1.49839 73.0877
1.10289 1.49613 73.5374
0.678849 0.142446 76.991
1.09262 -0.0705959 77.1335
0.578992 -0.0439177 78.3436
0.768784 0.130133 73.698
0.101502 1.50212 76.1731
0.428702 -0.220348 69.8518
0.467442 -0.0997085 76.6096
0.498364 -1.58076 80.5065
0.300697 -1.58703 76.0455
0.10148 1.49819 72.5663
0.892846 1.49118 66.28
0.704095 -0.056465 66.9178
0.70074 1.49483 67.2797
0.499421 1.49839 82.7298
0.301398 1.49692 70.4725
0.200886 -0.0527627 75.5885
0.894882 1.49332 72.9702
0.462906 -0.0565505 64.7714
0.701442 1.4971 66.8959
0.499 1.49679 73.6977
0.302466 1.50165 72.4148
0.101641 1.49649 73.9248
0 0 51.9241
0 0 54.7986
0 0 43.8368
