0.502155 1.4611 210.254 0
0.502106 1.45715 201.422 1
0.301497 1.45682 229.311 2
0.0993371 -1.54193 220.848 3
0.897463 1.45351 168.74 4
0.703028 1.45783 177.195 5
0.499774 1.4553 204.679 6
0.302475 1.46147 203.99 7
0.101417 1.45688 218.289 8
0.901071 1.45987 204.697 9
0.701443 1.45408 201.826 10
0.499834 -1.54453 203.761 11
0.301245 1.45731 204.498 12
0.100587 1.45657 233.881 13
0.896573 -1.53584 170.308 14
0.699761 1.45096 179.509 15
0.500772 1.45849 195.7 16
0.300917 1.45612 215.749 17
0.101401 1.45757 227.763 18
0.901186 1.45703 182.689 19
0.700585 1.45491 186.125 20
0.501991 1.45769 206.302 21
0.300465 1.45414 239.693 22
0.0998793 -1.5324 242.761 23
0.900008 1.4571 186.885 24
0.704215 1.45804 212.545 25
0.49664 -1.53568 227.29 26
0.300768 1.4565 217.149 27
0.0965894 -1.54808 227.885 28
0.903428 1.46157 189.973 29
0.700792 1.45305 180.765 30
0.497352 -1.53745 219.88 31
0.301617 1.45699 214.113 32
0.100586 1.45901 227.405 33
0.901048 1.46043 191.228 34
0.70221 1.45798 204.61 35
0.498515 -1.54065 223.846 36
0.300866 1.44652 221.827 37
0.101513 1.45474 235.762 38
0.898474 1.45504 193.249 39
0.701678 1.45908 189.291 40
0.502373 1.46149 200.425 41
0.302545 1.45625 213.143 42
0.0989836 -1.53456 242.154 43
0.903063 1.461 189.547 44
0.703871 1.45905 191.143 45
0.497151 -1.5367 204.872 46
0.302681 1.45793 221.217 47
0.0992166 -1.53791 243.988 48
0.900512 1.45802 224.596 49
0.700429 1.45452 182.831 50
0.501274 1.45744 224.654 51
0.301407 1.45615 229.254 52
0.101075 1.46162 228.879 53
0.898284 1.45317 181.688 54
0.704168 1.46079 190.512 55
0.501299 1.45793 223.246 56
0.301562 1.45765 216.717 57
0.101675 1.45356 227.37 58
0.889401 -1.53299 182.511 59
0.700114 1.45293 214.104 60
0.500791 1.45825 226.522 61
0.302078 1.45891 223.525 62
0.100543 1.45352 233.319 63
0.899963 1.4561 177.204 64
0.700684 1.45307 189.822 65
0.50345 1.4615 209.301 66
0.302961 1.45865 238.936 67
0.0999055 -1.54034 221.987 68
0.897334 -1.54022 176.615 69
0.703648 1.45738 187.773 70
0.501482 1.45786 197.528 71
0.301728 1.45819 233.957 72
0.101474 1.45345 236.445 73
0.902717 -1.54551 197.399 74
0.703644 1.45931 177.806 75
0.498724 -1.5401 199.062 76
0.301746 1.45374 218.641 77
0.0997927 -1.53755 227.968 78
0.900875 -1.54334 171.475 79
0.703923 1.45744 209.05 80
0.500591 1.45417 207.425 81
0.302391 1.46036 213.737 82
0.1013 1.45746 222.799 83
0.89625 -1.53736 190.524 84
0.698725 1.45407 178.429 85
0.500705 1.45299 196.205 86
0.300999 1.45742 227.1 87
0.100469 1.44969 217.574 88
0.9 1.45758 204.066 89
0.700895 1.45443 178.715 90
0.501095 1.45739 180.703 91
0.30212 1.45567 212.258 92
0.101349 1.45676 218.417 93
0.899027 1.45304 169.506 94
0.69984 1.45351 165.24 95
0.498374 -1.53979 185.917 96
0.301936 1.45896 179.019 97
0.100205 1.45317 236.223 98
0.899048 1.46265 109.504 99
0.703593 1.45794 150.982 100
0.50069 1.45608 149.302 101
0.302142 1.46185 162.162 102
0.101853 1.45744 217.107 103
0.901775 -1.54396 142.235 104
0.701098 1.45361 109.692 105
0.50114 1.46015 125.879 106
0.302382 1.45772 164.979 107
0.100799 1.45712 178.586 108
0.901795 1.46051 102.027 109
0.701094 1.45136 94.1747 110
0.503233 1.46131 95.2818 111
0.299072 -1.54318 100.884 112
0.0992724 -1.5385 141.207 113
0.899307 1.45802 78.2373 114
0.703886 1.4595 71.1036 115
0.500492 1.45564 70.7364 116
0.302213 1.46069 68.4289 117