0.502155 1.4611 199.137 0
0.301801 1.45713 221.366 1
0.100687 1.45903 226.247 2
0.896259 -1.53533 186.993 3
0.70174 1.45655 195.995 4
0.498236 -1.5405 204.747 5
0.301236 1.46038 223.631 6
0.101221 1.45395 221.506 7
0.899453 1.44283 167.487 8
0.701937 1.45593 187.352 9
0.500775 1.45795 212.759 10
0.301875 1.45716 206.756 11
0.0991225 -1.54327 211.359 12
0.900571 1.45654 169.617 13
0.701765 1.45512 181.158 14
0.701902 1.45436 168.72 15
0.501604 1.46087 207.919 16
0.301781 1.4587 222.769 17
0.101532 1.45847 219.46 18
0.902575 1.46079 180.707 19
0.702129 -1.54115 180.755 20
0.501356 1.45702 226.545 21
0.502858 1.4605 201.721 22
0.300464 -1.54324 229.734 23
0.100655 1.4537 229.204 24
0.90165 1.45775 191.131 25
0.699719 1.45053 179.431 26
0.502595 1.46234 208.046 27
0.302187 1.45964 222.825 28
0.0995017 -1.54241 242.91 29
0.903333 1.46145 178.094 30
0.702253 1.45545 180.885 31
0.499377 -1.54642 201.555 32
0.301161 1.45719 232.57 33
0.101028 1.45856 238.969 34
0.902469 1.46019 178.975 35
0.703233 1.45719 200.498 36
0.501106 1.45596 199.834 37
0.30104 1.45636 216.244 38
0.100956 1.45984 240.288 39
0.898152 -1.53915 175.661 40
0.700154 1.45862 190.072 41
0.501811 1.4601 198.692 42
0.302152 1.45849 224.515 43
0.101301 1.45754 219.124 44
0.904381 1.46302 184.741 45
0.703472 1.46153 193.095 46
0.497189 -1.53695 211.857 47
0.301968 1.4576 211.945 48
0.101477 1.45367 227.434 49
0.900318 1.46426 173.288 50
0.701617 1.4568 179.095 51
0.498815 -1.53973 207.678 52
0.301743 1.45908 212.521 53
0.10199 1.45262 228.561 54
0.899638 -1.54076 198.425 55
0.701234 1.45574 180.122 56
0.50168 1.45876 218.446 57
0.30241 1.45724 209.184 58
0.101162 1.45672 237.218 59
0.899675 1.45574 183.813 60
0.69978 1.45305 190.402 61
0.502681 1.46157 193.217 62
0.302373 1.45641 215.333 63
0.302824 1.45694 225.654 64
0.100296 -1.53684 222.832 65
0.89783 1.45404 172.251 66
0.703288 1.45699 193.947 67
0.501199 1.46071 183.389 68
0.303134 1.45924 216.032 69
0.100027 -1.54095 228.781 70
0.903068 1.462 165.587 71
0.701648 1.4571 181.054 72
0.503071 1.46275 201.621 73
0.302597 1.45621 229.016 74
0.101689 1.45777 225.472 75
0.901894 1.45861 174.871 76
0.703492 1.45791 178.229 77
0.500043 -1.54377 211.708 78
0.301422 1.45542 209.419 79
0.101137 1.45827 214.413 80
0.90045 1.45752 169.134 81
0.699524 1.44922 203.423 82
0.501073 1.45777 219.417 83
0.302401 1.45661 212.062 84
0.101352 1.45879 223.916 85
0.901993 1.45698 170.489 86
0.702434 1.45647 167.491 87
0.502376 1.45816 217.971 88
0.302672 1.45739 227.866 89
0.101143 1.45665 240.95 90
0.900107 1.45773 165.198 91
0.701028 1.4535 186.075 92
0.500947 1.45984 180.049 93
0.300355 -1.54609 199.21 94
0.300693 -1.53978 210.347 95
0.100931 1.45771 261.384 96
0.902442 1.46308 148.919 97
0.703412 1.4566 166.232 98
0.500629 1.45637 171.975 99
0.301206 1.45568 211.82 100
0.101098 1.45852 200.258 101
0.899557 1.45745 139.99 102
0.699399 1.45084 157.738 103
0.501703 1.46078 148.542 104
0.300798 1.45567 179.856 105
0.101437 1.4535 189.912 106
0.90215 1.46273 119.776 107
0.699806 1.45013 123.994 108
0.501704 1.45909 171.122 109
0.30397 1.45706 188.612 110
0.100975 1.45729 185.315 111
0.901441 1.46292 95.8078 112
0.702992 1.45765 93.5038 113
0.5017 1.45893 99.2537 114
0.301736 1.457 102.65 115
0.100583 1.4586 127.26 116
0.898059 1.45529 70.865 117