0.502155 1.4611 172.331 0
0.301351 -1.54798 191.864 1
0.100687 1.45903 199.794 2
0.896259 -1.53533 153.408 3
0.70174 1.45655 161.95 4
0.498236 -1.5405 169.167 5
0.301236 1.46038 184.442 6
0.101221 1.45395 187.487 7
0.899453 1.44283 147.104 8
0.701937 1.45593 165.262 9
0.500775 1.45795 174.375 10
0.301875 1.45716 190.87 11
0.0991225 -1.54327 180.894 12
0.900571 1.45654 155.185 13
0.701765 1.45512 158.298 14
0.501442 1.45925 169.691 15
0.30073 -1.54427 179.697 16
0.102258 1.45408 188.617 17
0.89602 -1.53262 161.748 18
0.70275 1.45832 162.212 19
0.501564 1.45613 173.938 20
0.302356 1.45789 185.5 21
0.101464 1.45574 191.521 22
0.90142 -1.54331 158.946 23
0.702619 1.45646 158.113 24
0.498556 -1.54105 174.59 25
0.302447 1.4577 184.678 26
0.102071 1.45534 183.383 27
0.901064 1.45656 152.777 28
0.701375 1.45372 173.926 29
0.499087 -1.54158 176.677 30
0.303706 1.46219 192.375 31
0.101031 1.45769 188.82 32
0.898816 1.455 181.646 33
0.702725 1.4573 162.046 34
0.501927 1.45947 168.578 35
0.301744 1.44839 178.502 36
0.0990509 -1.54556 183.839 37
0.900457 -1.53952 150.27 38
0.704225 1.4599 161.184 39
0.498347 -1.54029 174.876 40
0.301834 1.45719 196.664 41
0.100477 1.45707 184.502 42
0.900269 -1.54087 145.781 43
0.703326 1.45819 157.328 44
0.496897 -1.53722 176.911 45
0.302011 1.46142 179.427 46
0.302463 1.4525 198.466 47
0.101027 1.45792 206.427 48
0.89924 1.45548 153.229 49
0.701502 1.45683 166.712 50
0.498917 -1.54455 171.422 51
0.302546 1.46103 175.989 52
0.101499 1.45249 194.775 53
0.899021 1.45266 148.014 54
0.703716 1.46159 175.8 55
0.50009 1.45507 176.547 56
0.302868 1.45876 185.191 57
0.101416 1.45561 194.117 58
0.900537 -1.53941 148.709 59
0.900481 1.45864 145.055 60
0.701746 1.45424 163.47 61
0.497155 -1.53664 174.762 62
0.3009 -1.54563 181.218 63
0.100823 1.4591 192.899 64
0.899213 1.45564 161.773 65
0.701575 1.455 163.379 66
0.500093 1.4555 170.054 67
0.301359 1.45656 182.824 68
0.101489 1.45775 183.925 69
0.899698 -1.53704 145.414 70
0.703353 1.45838 157.643 71
0.499254 -1.54045 171.285 72
0.300562 1.45493 176.268 73
0.102303 1.44899 180.606 74
0.899242 1.45331 153.447 75
0.703097 1.45816 154.371 76
0.500455 1.45777 170.254 77
0.301959 1.4595 186.002 78
0.101234 1.45771 190.156 79
0.890751 -1.53454 159.116 80
0.699146 1.4514 157.373 81
0.499433 1.45299 190.873 82
0.300718 1.45551 193.262 83
0.101734 1.45032 180.258 84
0.900227 1.45623 152.782 85
0.703173 1.45808 164.959 86
0.500217 1.45797 182.906 87
0.301334 1.45263 176.882 88
0.0994062 1.45334 179.877 89
0.89892 1.4583 142.376 90
0.703993 1.45903 158.795 91
0.501635 1.46126 162.667 92
0.302076 1.46046 178.323 93
0.101659 1.45368 193.303 94
0.900224 1.4561 141.089 95
0.702955 1.45724 145.169 96
0.500147 1.45675 178.139 97
0.302471 1.46234 172.133 98
0.101909 1.45272 182.665 99
0.0987252 -1.54273 171.611 100
0.893217 -1.53271 151.897 101
0.702311 1.45572 127.756 102
0.501832 1.45915 157.601 103
0.302008 1.45844 160.283 104
0.101367 1.45755 172.265 105
0.904119 1.4626 129.207 106
0.699463 1.44979 123.157 107
0.499154 -1.54241 126.304 108
0.300881 1.45673 125.722 109
0.101635 1.45242 168.011 110
0.900876 1.45932 101.771 111
0.701208 1.45152 102.26 112
0.499118 -1.54037 104.47 113
0.302389 1.4601 105.702 114
0.101298 1.45752 104.076 115
0.901522 -1.5431 69.5962 116
0.703423 1.45877 70.5304 117
