0.566795 -0.106393 103.732 0
0 0 99.5093 1
1.11739 -0.502051 118.531 2
0.776848 -0.116259 89.1925 3
0.688663 2.9342 133.356 4
0.297479 0.282759 89.9396 5
0.219463 -0.000780593 90.0179 6
0.705668 -0.251547 93.1756 7
0.553594 0.3694 88.6959 8
0 0 107.647 9
1.00514 0.288278 90.1931 10
1.14632 -0.378087 96.6796 11
0.557593 0.168748 100.608 12
1.84554 2.92578 87.5457 13
1.26756 0.3098 85.4204 14
0.621256 0.114195 144.105 15
0.565871 -0.151075 98.4465 16
0.486688 -0.0477909 105.117 17
0.193719 -0.116603 101.928 18
0 0 88.3528 19
0.247926 0.154381 94.8743 20
1.29407 2.94964 90.7998 21
1.40752 0.785159 94.2694 22
0 0 95.1491 23
0.653217 -3.07192 91.2483 24
0.00280958 0.0834252 91.1017 25
0.59783 0.121106 143.669 26
0.835218 -0.0460378 99.7424 27
0.274534 0.244084 85.9332 28
0.212595 -0.295559 86.9612 29
0.733796 0.613404 88.7297 30
1.24072 -0.40796 90.9793 31
0 0 104.169 32
0 0 113.559 33
0.957801 -0.00628923 99.1627 34
0.664677 -3.07893 99.0703 35
0.308641 0.176741 95.7963 36
0.711815 -0.0228571 105.538 37
0.605913 -0.0206949 100.264 38
0.83263 -0.133751 87.7039 39
0.0639289 -0.186268 98.2722 40
0.241745 -0.239657 89.496 41
0.514648 -0.0205998 101.325 42
0.519986 0.256365 99.2543 43
1.06295 -0.113688 82.3821 44
0.834072 -0.080654 86.4361 45
1.27213 0.161006 87.659 46
0.370791 0.0192682 105.148 47
0.273822 -0.0512174 92.775 48
0 0 92.9994 49
0.924581 -0.109406 88.7324 50
0.302357 -0.120719 89.7268 51
1.85877 0.0447828 89.7824 52
0 0 104.805 53
1.03482 -0.103381 88.7297 54
0 0 101.713 55
0.494705 -0.0662742 91.959 56
0.288004 2.90656 99.7849 57
0.140454 -0.890064 92.9427 58
0.104454 -0.432547 85.7934 59
0 0 92.4712 60
0.98495 0.154447 91.2226 61
0.372486 -0.0329271 92.3995 62
0 0 93.8036 63
0.000524986 0.010511 91.9544 64
0.901829 -0.0876903 93.1204 65
0 0 95.1102 66
0.983725 0.0802406 91.9531 67
0 0 99.6823 68
0 0 95.3772 69
0 0 97.2575 70
0.119523 0.00489576 94.1884 71
0.665241 -3.06284 94.664 72
0.366531 0.12765 95.9654 73
0.301745 2.93853 88.2438 74
0.314118 -0.0157746 133.877 75
0 0 84.4116 76
1.29245 0.442774 90.2499 77
0.993747 -0.0709951 102.196 78
0.473605 -0.0774086 98.6709 79
0.792528 -0.0804578 101.995 80
0.630605 -0.218243 86.1526 81
0.448143 -0.553169 81.9693 82
2.3602 -0.205708 110.689 83
0.436044 -0.00886662 92.241 84
0.146239 -0.0706787 102.224 85
0.890078 2.9427 118.16 86
0 0 90.9618 87
1.08793 -0.138318 111.55 88
0.918752 -0.00668624 95.0415 89
0 0 96.6114 90
0.887494 2.95909 94.1455 91
1.0127 -0.172017 113.264 92
0.258097 -0.0494967 93.6897 93
0 0 107.787 94
0 0 99.5337 95
0 0 85.7281 96
0 0 98.4093 97
1.03749 -0.218311 102.986 98
0.295613 2.91117 92.646 99
0.60577 0.227282 117.083 100
0 0 106.651 101
0.694545 -3.038 94.8994 102
0.399106 -0.0290323 115.464 103
2.20957 -0.0413139 93.323 104
0.27077 -0.0866211 103.544 105
0.900158 2.94295 91.8784 106
1.70338 2.96992 95.6838 107
0.493246 2.92738 99.4965 108
0.46009 0.00382707 90.9466 109
0 0 93.5793 110
0.858966 -3.02418 83.7186 111
1.37124 0.0722976 88.9078 112
0.530583 2.92942 90.029 113
1.01255 -0.128645 93.3988 114
0.429625 -0.0428381 90.5196 115
0.893786 2.95225 91.7225 116
0.687768 2.95056 75.2027 117