0.502155 1.4611 248.969 0
0.301801 1.45713 236.581 1
0.100687 1.45903 245.666 2
0.896259 -1.53533 201.084 3
0.70174 1.45655 202.121 4
0.498236 -1.5405 221.316 5
0.301236 1.46038 245.698 6
0.101221 1.45395 248.779 7
0.899453 1.44283 186.242 8
0.701937 1.45593 199.296 9
0.500775 1.45795 214.423 10
0.301875 1.45716 224.545 11
0.0991225 -1.54327 237.803 12
0.900571 1.45654 187.692 13
0.701765 1.45512 180.622 14
0.501442 1.45925 208.465 15
0.30073 -1.54427 244.373 16
0.0992603 -1.53493 227.514 17
0.90277 1.46028 189.191 18
0.70275 1.45832 188.63 19
0.501564 1.45613 194.913 20
0.302356 1.45789 221.389 21
0.101464 1.45574 230.541 22
0.902904 1.46071 198.603 23
0.702619 1.45646 189.368 24
0.498556 -1.54105 233.556 25
0.302447 1.4577 228.852 26
0.102071 1.45534 282.995 27
0.901064 1.45656 182.283 28
0.701083 1.45358 207.13 29
0.499087 -1.54158 252.945 30
0.303706 1.46219 224.429 31
0.101031 1.45769 234.625 32
0.898816 1.455 175.044 33
0.702725 1.4573 182.091 34
0.501927 1.45947 220.665 35
0.301744 1.44839 225.687 36
0.0990509 -1.54556 243.263 37
0.900457 -1.53952 179.665 38
0.704225 1.4599 194.375 39
0.498347 -1.54029 212.172 40
0.301834 1.45719 243.423 41
0.100477 1.45707 227.219 42
0.900269 -1.54087 181.705 43
0.703326 1.45819 178.658 44
0.501604 1.45714 213.517 45
0.30167 1.45381 218.646 46
0.101324 1.45721 241.228 47
0.898004 1.45325 175.573 48
0.701302 1.45548 189.757 49
0.498362 -1.53999 225.699 50
0.300824 1.45801 227.25 51
0.30299 1.46229 241.782 52
0.101757 1.45618 230.552 53
0.898807 -1.53603 185.815 54
0.702949 1.45647 220.755 55
0.503553 1.46515 194.056 56
0.301341 1.45962 236.644 57
0.101734 1.45307 250.235 58
0.90029 1.4573 199.499 59
0.700331 1.45344 204.187 60
0.501922 1.45983 215.572 61
0.301227 -1.54132 245.878 62
0.100478 1.45483 231.269 63
0.902936 1.45837 188.133 64
0.702715 1.4576 159.929 65
0.501442 1.45965 200.344 66
0.303282 1.46024 220.098 67
0.10103 1.45676 230.442 68
0.901484 1.45953 180.398 69
0.702406 1.45667 156.513 70
0.498277 1.45464 226.099 71
0.302013 1.46 224.204 72
0.0989044 -1.53342 233.412 73
0.899606 1.45812 179.405 74
0.700272 1.45414 181.363 75
0.49869 -1.54006 218.327 76
0.301846 1.45785 217.048 77
0.101208 1.45231 219.163 78
0.898184 -1.53739 186.551 79
0.703289 1.45709 215.398 80
0.498666 -1.54238 248.698 81
0.300307 1.45626 246.532 82
0.101036 1.45862 240.966 83
0.899468 1.45714 175.312 84
0.699696 1.45083 191.037 85
0.502097 1.46084 173.345 86
0.302718 1.4625 222.826 87
0.101119 1.45693 215.426 88
0.901362 -1.54468 168.886 89
0.702786 1.45627 191.515 90
0.501467 1.45988 184.075 91
0.300871 1.45681 208.749 92
0.101072 1.45742 214.35 93
0.100675 1.4563 221.928 94
0.899808 1.45724 139.182 95
0.703289 1.45748 161.07 96
0.500585 1.45412 180.884 97
0.301248 1.45581 222.059 98
0.101218 1.45753 216.546 99
0.898673 1.45601 161.987 100
0.699903 1.45169 136.017 101
0.501558 1.45925 156.729 102
0.301376 1.45749 166.799 103
0.10183 1.45837 227.398 104
0.900141 -1.54022 143.419 105
0.700956 1.45414 118.442 106
0.50176 1.46145 125.194 107
0.302426 1.46039 136.882 108
0.100312 1.45531 192.001 109
0.898315 1.45691 130.398 110
0.703143 1.45719 94.0242 111
0.49902 -1.54058 96.2241 112
0.301621 1.45546 117.859 113
0.100776 1.45637 130.605 114
0.899456 1.45616 83.2025 115
0.70319 1.45882 72.1163 116
0.500882 1.45862 71.416 117
0.30085 1.45808 67.4487 118
0.0989452 -1.53397 74.4364 119
