0.826351 -0.555572 91.6873 0
0 0 71.0121 1
2.72147 -4.35291 70.7962 2
1.81694 -0.128397 73.1797 3
0 0 73.7013 4
0.508249 0.0391208 78.1967 5
0.661977 0.407647 78.5967 6
1.27308 -0.698045 71.7146 7
0 0 69.0254 8
0 0 76.1996 9
0.460224 -0.0646189 71.1187 10
0 0 71.81 11
0 0 71.9151 12
1.28688 -0.0221947 69.1322 13
1.52763 -0.137761 70.1014 14
0 0 70.7785 15
0.307036 -1.5094 79.62 16
1.54518 0.293761 73.1881 17
1.72912 -1.47263 68.3962 18
15.3249 15.6845 74.1196 19
0.725286 -0.0506723 78.6083 20
0.911128 -0.186223 71.9727 21
0.695925 -0.35195 70.9662 22
1.73005 -1.47266 69.0128 23
0.259333 -0.0652023 70.4817 24
0 0 77.701 25
0.474766 0.0795999 72.4157 26
0.67872 -0.261504 71.4547 27
1.61059 2.52937 68.6487 28
1.7234 0.399544 78.1906 29
0.00129333 2.20009 70.9067 30
0.20724 -0.166559 79.0043 31
0.883955 0.170297 83.7538 32
1.71281 0.129153 74.0117 33
0.503139 -0.322843 77.9464 34
0.0177468 -0.538801 78.695 35
0 0 73.2706 36
0 0 71.0507 37
1.73507 -1.47403 69.593 38
4.82167 -1.04542 71.9845 39
0 0 73.1762 40
0.33332 0.120953 75.017 41
0.724879 0.220341 73.7457 42
4.36525 1.14951 70.9808 43
4.8134 -1.04235 77.8718 44
2.54008 0.113282 71.5131 45
0 0 73.0578 46
3.57287 -0.981112 74.9715 47
0.0282965 -0.229671 70.6178 48
0 0 76.9965 49
2.1624 0.115623 72.1688 50
0.205459 -0.166918 81.5988 51
0.221915 0.223784 71.3682 52
0.767496 1.24664 78.933 53
0.740301 -0.0426054 84.5037 54
0.0211658 2.15658 71.6664 55
0.781543 -0.371579 71.7852 56
0.687626 -0.274675 72.965 57
1.71431 0.12895 68.9358 58
10.2039 8.16018 73.1267 59
0.859768 0.269258 73.0874 60
0.824692 -0.0688063 71.3999 61
0.393013 0.428475 77.9902 62
1.48729 -0.0868567 75.0575 63
0.81749 -0.116402 70.9754 64
0.538937 0.550072 72.823 65
0.570701 -0.0181104 74.3316 66
0.658845 -0.0618227 78.5851 67
1.64704 -0.855946 75.7786 68
0 0 71.2842 69
1.43964 -0.240465 71.5799 70
1.65774 1.45573 71.3272 71
1.10404 0.0376993 74.4309 72
1.18109 0.260856 74.0823 73
1.31255 -0.997144 75.0924 74
0.098951 -0.513648 70.1769 75
5.30828 -0.985715 75.5983 76
3.79638 -3.04158 72.5053 77
2.27136 0.745056 67.7855 78
0 0 90.8192 79
0.498943 0.400943 70.0466 80
0.0430752 0.18181 73.9614 81
0 0 73.5331 82
1.80162 0.425292 67.9926 83
0 0 79.4788 84
1.98698 -0.0158653 69.4771 85
1.05221 0.291071 71.6775 86
0 0 76.2951 87
0.40586 -0.221666 85.8591 88
0 0 69.896 89
0.864112 0.260838 69.814 90
0.994796 0.167421 69.605 91
2.77837 -0.094868 82.5501 92
0 0 70.8291 93
2.21919 0.109874 67.6037 94
0 0 79.2037 95
0.390032 0.00106311 69.5345 96
4.01727 -1.89262 69.8244 97
1.35806 -0.150964 74.1204 98
0 0 75.529 99
0.509264 1.46754 73.4324 100
3.72546 0.447459 70.2083 101
0.0136722 -0.220479 74.8549 102
0 0 70.3322 103
0 0 72.7532 104
3.52528 -0.689068 68.4138 105
0.947392 6.92622 77.5981 106
0.941373 -0.749161 67.5605 107
0 0 66.5303 108
1.672 0.271249 65.4139 109
0.309973 -0.467874 69.88 110
0.525432 0.0497731 63.2589 111
0.487069 -0.198999 68.6591 112
1.51934 -0.0897132 76.2031 113
0.00728979 0.163324 66.5585 114
0.888853 0.135585 66.3338 115
0 0 79.5884 116
0 0 84.7565 117
0.35033 -0.0654115 56.7736 118
0.981754 0.833977 50.4412 121
