0.502155 1.4611 85.0807 0
0.301801 1.45713 90.0359 1
0.100687 1.45903 95.2808 2
0.901457 -1.54237 75.0689 3
0.70174 1.45655 85.5775 4
0.498236 -1.5405 98.8242 5
0.301236 1.46038 94.7671 6
0.100297 -1.53006 103.533 7
0 0 77.8358 8
0.701505 1.45456 96.0775 9
0.699445 1.45217 86.9423 10
0.498996 -1.54206 92.3793 11
0.301858 1.45402 101.307 12
0.101195 1.46034 91.8672 13
0.898724 1.4574 81.0766 14
0.700911 1.45332 77.2023 15
0.502082 1.46105 85.3115 16
0.300836 1.45815 88.5184 17
0.0995387 -1.53973 87.385 18
0.902667 1.46029 76.4248 19
0.70161 1.45629 92.7478 20
0.50126 1.45553 94.8885 21
0.300873 1.45735 96.7629 22
0.101421 1.45506 103.993 23
0.902431 1.45991 79.8436 24
0.70092 1.45251 84.3909 25
0.502241 1.45978 101.831 26
0.300995 -1.54686 86.783 27
0.104419 1.45053 94.039 28
0.898476 -1.54113 76.5714 29
0.703831 1.46151 79.6265 30
0.502094 1.4565 85.401 31
0.30221 1.45923 89.0985 32
0.10069 1.46053 88.9401 33
0.901823 -1.54327 84.0544 34
0.703941 1.45929 82.7715 35
0.500784 1.45794 93.4947 36
0.304154 1.45019 87.2275 37
0.10814 1.44067 89.8257 38
0.900839 -1.54173 76.482 39
0.703858 1.45927 77.7921 40
0.500884 1.45901 89.4084 41
0.300674 1.45561 82.076 42
0.0995832 -1.53676 94.5147 43
0.903106 1.46084 83.1608 44
0.701969 1.45799 83.9429 45
0.49858 -1.54176 96.9049 46
0.302169 1.45966 87.5581 47
0.101843 1.45336 90.6204 48
0.900804 1.45691 78.8196 49
0.701341 1.45316 78.9402 50
0.500612 1.45476 88.0726 51
0.302398 1.45992 88.8037 52
0.100675 1.46015 86.8181 53
0.896566 1.4495 82.8131 54
0.701284 1.45679 78.7687 55
0.503154 1.46236 90.3372 56
0.301831 1.45949 85.6976 57
0.101311 1.45492 90.3969 58
0.899906 1.45555 85.7874 59
0.702961 1.4578 87.24 60
0.501005 1.45958 97.581 61
0.303151 1.45914 96.8143 62
0.100192 -1.54006 89.7802 63
0.897185 1.45312 86.6663 64
0.70209 1.458 77.8419 65
0.497846 -1.54 84.1917 66
0.304337 1.4617 88.625 67
0.10179 1.46063 91.0243 68
0.901614 1.45851 81.9083 69
0.703652 1.45876 79.7133 70
0.502272 1.46099 84.9195 71
0.302152 1.4569 91.3177 72
0.100685 1.45798 92.8701 73
0.904342 1.46416 76.6115 74
0.706803 1.46513 78.859 75
0.500778 1.45987 88.4085 76
0.30096 -1.54656 87.2872 77
0.0997877 -1.54089 91.0272 78
0.898826 1.45579 75.0159 79
0.702627 1.45774 76.3531 80
0.500433 1.4552 84.8057 81
0.301577 -1.5397 90.7472 82
0.101362 1.45461 84.8761 83
0.898234 1.4581 81.9045 84
0.702094 1.45596 77.2919 85
0.500661 1.45745 85.7708 86
0.302149 1.45801 97.7504 87
0.100505 1.45029 92.4382 88
0.372917 -0.0731849 93.2613 89
0.703154 1.45831 73.9414 90
1.49649 -1.53195 87.0165 91
0.301635 1.45793 85.6168 92
0.100996 1.45902 93.9648 93
0.900311 1.45918 74.3895 94
0.703188 1.45842 80.1126 95
0.499615 -1.54315 86.5732 96
0.301371 1.45791 104.59 97
0.100898 1.45717 89.7736 98
0.901232 -1.54319 82.8267 99
0.703517 1.4578 74.177 100
0.501352 1.45776 84.3147 101
0.302583 1.45849 81.7872 102
0.100481 1.46125 85.0109 103
0.902351 1.45822 88.6913 104
0.702921 1.45803 74.4348 105
0.502256 1.45987 80.2883 106
0.301922 1.45858 75.3202 107
0.101261 1.45912 82.353 108
0.903252 1.4582 68.6412 109
0.701947 1.4559 75.8343 110
0.499818 -1.54381 69.0415 111
0.300777 1.45268 73.1488 112
0.101249 1.45718 70.9237 113
0.901807 -1.54337 63.1656 114
0.703082 1.45768 62.3652 115
0.500943 1.45771 59.8807 116
0.302509 1.45795 64.6916 117
0.100147 -1.54051 60.4272 118
