0.502895 1.46354 200.218 307
0.303763 1.45261 238.426 308
0.10104 1.45858 246.666 309
0.898463 -1.53935 208.602 310
0.701833 1.45706 195.812 311
0.701365 1.45359 184.728 312
0.499749 -1.54369 222.881 313
0.302929 1.4628 251.569 314
0.101251 1.45716 292.452 315
0.898366 1.45705 249.15 316
0.899164 1.46428 263.173 317
0.703269 1.45799 270.001 318
0.501808 1.46 222.445 319
0.302036 1.45665 232.629 320
0.102762 1.45466 242.383 321
0.89979 1.45757 193.799 322
0.701372 1.4546 188.557 323
0.501187 1.45795 246.069 324
0.301045 1.45843 252.623 325
0.100741 1.45925 236.152 326
0.898058 1.45688 185.405 327
0.703469 1.45709 211.516 328
0.500622 1.45616 242.635 329
0.302178 1.45739 249.164 330
0.100666 1.45829 234.507 331
0.896688 1.45576 208.817 332
0.703208 1.45843 189.635 333
0.499359 -1.54343 223.896 334
0.300493 -1.53917 233.372 335
0.0973882 -1.54586 259.468 336
0.896256 1.45086 186.348 337
0.701303 1.45428 180.64 338
0.499494 -1.54231 237.134 339
0.301888 1.45615 234.441 340
0.589184 -0.033494 241.219 341
0.896694 -1.53863 194.234 342
0.703093 -1.54233 207.848 343
0.499744 -1.54443 243.087 344
0.300634 -1.54729 236.387 345
0.100139 -1.53804 264.253 346
0.898473 1.45602 199.797 347
0.702935 1.45695 200.811 348
0.497234 -1.53962 221.065 349
0.302178 1.45818 233.848 350
0.0994325 -1.53632 250.58 351
0.901411 1.46207 189.997 352
0.702915 1.45693 185.892 353
0.502158 1.46052 239.535 354
0.301504 -1.54788 231.25 355
0.303246 1.46415 231.896 356
0.10193 1.4529 252.181 357
0.89994 1.44417 194.254 358
0.70365 -1.54315 229.403 359
0.498428 -1.54332 224.001 360
0.302787 1.4554 237.754 361
0.30186 1.45868 235.37 362
0.101193 1.45826 241.78 363
0.900013 1.45696 192.448 364
0.703947 1.45946 187.614 365
0.503541 1.46382 224.711 366
0.303343 1.45551 237.318 367
0.100016 -1.54594 244.274 368
0.898571 1.45799 186.438 369
0.900581 -1.5424 205.948 370
0.703502 1.45889 185.058 371
0.502458 1.46209 203.665 372
0.303306 1.45834 272.764 373
0.100997 1.45431 246.173 374
0.894044 -1.53327 189.126 375
0.701926 1.45697 218.958 376
0.701037 1.45264 185.421 377
0.501051 1.45782 221.668 378
0.299946 -1.54575 248.955 379
0.10118 1.45742 288.214 380
0.899205 1.45524 197.796 381
0.702739 1.45723 188.306 382
0.699511 1.45079 207.856 383
0.502502 1.46329 224.654 384
0.300793 1.45349 235.571 385
0.102121 1.45674 243.716 386
0.902121 1.46288 191.452 387
0.702767 1.46102 172.224 388
0.49938 -1.54353 219.774 389
0.502088 1.46108 193.815 390
0.301315 1.45684 227.515 391
0.099499 -1.53862 242.739 392
0.900411 1.45985 193.895 393
0.703414 1.45885 185.955 394
0.502071 1.45885 213.483 395
0.501212 1.46014 237.85 396
0.302181 1.45858 240.749 397
0.302976 1.46077 237.345 398
0.101353 1.45737 239.225 399
0.893916 -1.53339 187.024 400
0.70269 1.45714 180.012 401
0.502558 1.46148 225.983 402
0.303618 1.45661 243.257 403
0.301883 1.45659 229.432 404
0.0993422 1.4517 236.57 405
0.899009 1.45789 172.033 406
0.702926 1.45742 160.314 407
0.50099 1.45789 185.57 408
0.501 1.45878 204.667 409
0.302351 1.45731 227.908 410
0.100785 1.45679 235.215 411
0.899018 -1.54284 175.586 412
0.701938 1.45729 153.784 413
0.501268 1.4624 186.838 414
0.496499 -1.53686 205.171 415
0.300709 1.46138 210.562 416
0.100129 1.45227 238.633 417
0.900274 1.45942 134.599 418
0.699796 1.45387 148.979 419
0.500186 1.45787 150.503 420
0.502275 1.46125 152.589 421
0.300613 1.45718 229.447 422
0.1011 1.45729 224.78 423
0.901815 1.4572 154.164 424
0.703072 1.45835 106.276 425
0.501882 1.45756 155.757 426
0.501133 1.46155 122.199 427
0.302607 1.45929 175.347 428
0.301313 -1.54314 206.615 429
0.100654 1.45563 205.992 430
0.901289 1.45796 130.246 431
0.701948 1.45238 99.8359 432
0.501908 1.46011 102.91 433
0.301361 1.46046 106.205 434
0.102054 1.4526 143.787 435
0.101112 -1.5362 162.741 436
0.900034 -1.54027 77.9169 437
0.702322 1.45594 67.7908 438
0.501911 1.46037 68.705 439
0.301266 1.45717 71.6272 440
0.101123 1.46116 62.3183 441
0.101125 1.45923 62.5409 442
