0.502155 1.4611 83.9847 0
0.147569 0.18898 86.2691 1
0.0993421 1.4557 84.8194 2
0.927028 1.49081 85.736 3
0.700347 -1.5418 79.6043 4
0.495834 1.44881 90.0619 5
0.301699 1.4579 85.7526 6
1.09704 1.44982 85.1607 7
0.899453 1.44283 80.8195 8
0.697759 1.45078 90.6935 9
0.499686 -1.54332 84.5057 10
0.695427 -0.0438809 84.1726 11
0.651533 0.000515665 84.4135 12
0.874596 -1.52056 80.3656 13
0.701765 1.45512 82.1556 14
0 0 83.0132 15
0.302501 -1.53735 90.9769 16
0.103145 1.45763 100.213 17
0 0 80.0257 18
0.665406 -1.51693 97.8212 19
0.501564 1.45613 84.9013 20
0.592953 -0.0550966 84.5006 21
0.101464 1.45574 98.7842 22
0 0 79.2842 23
0.703779 1.45717 86.9924 24
0.0259791 -0.0278056 83.509 25
0.351778 -0.0540282 85.6506 26
0 0 91.02 27
0.898601 1.4541 89.091 28
0.701375 1.45372 82.549 29
0.501635 1.4588 83.6978 30
0.654082 -0.000297681 102.341 31
1.18259 -0.0350094 86.3168 32
0.885823 -1.52795 85.104 33
0.48343 -0.273083 89.9716 34
0.633077 0.129478 85.3589 35
0.300245 1.45608 90.6261 36
0.101406 1.44842 92.243 37
0 0 92.8391 38
0.69183 -1.53776 91.6155 39
0.0319007 -0.0326497 89.5326 40
0.302242 1.45931 86.5252 41
0.101011 1.45776 99.0144 42
0.895353 -1.53811 88.8786 43
0.691947 -1.53746 83.6333 44
0.498972 -1.53061 86.4336 45
0.299962 -1.53995 89.5221 46
0.101383 1.45751 90.5884 47
0 0 91.0396 48
0.700836 -1.52794 82.8663 49
0.499462 -1.52769 82.7221 50
0.155469 -0.03451 83.5253 51
0.10132 1.43814 87.6911 52
0.896015 -1.54056 85.9649 53
1.11293 0.012121 86.0747 54
0.505085 -0.0365762 82.9213 55
0.300659 1.45811 88.5283 56
0.357029 -0.0516864 87.2956 57
0.881248 -1.52193 85.1988 58
0.691723 -1.53687 81.3426 59
0.996735 -0.0253948 84.9548 60
0.761886 -0.00776689 87.4854 61
0.100795 1.45782 95.302 62
0.873731 -1.51481 85.186 63
0.700343 -1.53931 86.8885 64
0.948701 -0.0150704 83.5436 65
0 0 85.8116 66
0.100445 1.45225 94.4505 67
0.898917 1.45273 80.5699 68
0.678028 -1.52206 87.9567 69
0.50089 1.45199 90.7711 70
0.300263 -1.54006 91.0616 71
0.101673 -1.53092 99.6321 72
0.895126 -1.53139 80.0042 73
0.699822 -1.53721 81.463 74
1.05204 -0.0468084 99.3608 75
0.272724 1.42172 86.0949 76
0.295062 -1.53103 84.2315 77
0.0990227 -1.53938 87.138 78
0.876741 -1.51707 78.8263 79
0 0 83.1177 80
0 0 84.6632 81
0.304154 1.45605 83.3375 82
0.207971 -0.0477966 110.798 83
0.900673 -1.54132 89.0094 84
1.15302 -0.050076 96.145 85
0.500424 1.45658 98.9209 86
0.301864 -1.54027 108.299 87
0.322535 0.000261504 151.428 88
1.27565 -0.0596054 149.381 89
0.676853 -1.50029 100.544 90
0.503085 1.46494 87.5546 91
0.300708 1.45864 144.446 92
0.1295 -1.49205 102.046 93
0.900222 1.45811 77.4955 94
0.698249 -1.536 95.8788 95
1.05247 -0.0514731 81.9767 96
0.81665 0.701166 82.6951 97
0.38443 -0.041399 93.1352 98
0.900883 1.46114 93.4255 99
0.699534 -1.53882 77.7767 100
0.502095 1.46138 78.5887 101
0 0 88.7451 102
0 0 81.4355 103
0.683564 -0.574756 80.6205 104
1.69113 -1.53504 75.6713 105
0.499753 -1.54069 87.5796 106
0.301256 -1.54015 85.4593 107
0.00424122 -0.0510485 138.24 108
0.901626 1.45842 105.516 109
0.702809 1.45867 86.0499 110
0.501919 1.46088 105.87 111
0.689611 -0.0450596 93.8562 112
0.100633 1.4565 79.3622 113
0.900461 -1.53857 67.5596 114
0.700465 1.45087 67.1882 115
0.501158 1.45982 70.2479 116
0.299585 -1.54718 65.3814 117
0.0985914 -1.52959 64.025 118
