0.502155 1.4611 149.905 0
0.29922 -1.52924 136.785 1
0.100687 1.45903 132.06 2
0.901457 -1.54237 111.279 3
0.700844 1.45493 118.5 4
0.499191 1.45416 136.745 5
0.301699 1.4579 128.954 6
1.09628 1.4473 139.58 7
0.899453 1.44283 110.41 8
0.701937 1.45593 116.221 9
0.500775 1.45795 125.308 10
0.300995 1.45621 139.983 11
0.000657104 -0.0269227 127.995 12
0.900571 1.45654 127.72 13
0.701765 1.45512 118.464 14
0.503078 1.46206 122.342 15
0.301163 1.45398 131.565 16
0.102258 1.45408 139.282 17
0.894854 1.45829 112.035 18
0.701331 1.45154 122.204 19
0.501564 1.45613 135.47 20
0.302356 1.45789 136.039 21
0.101464 1.45574 146.53 22
0.859723 -1.53837 113.082 23
0.701354 1.45355 125.958 24
0.499155 -1.54198 128.791 25
0.302447 1.4577 128.624 26
0.102071 1.45534 132.7 27
0.899685 1.45957 111.987 28
0.701375 1.45372 119.348 29
0.494808 -1.53615 126.438 30
0.302323 1.45914 129.667 31
0.101031 1.45769 137.235 32
0.885823 -1.52795 119.66 33
0.702461 -1.53743 117.224 34
0.501927 1.45947 125.848 35
0.300245 1.45608 139.034 36
0.0990509 -1.54556 128.81 37
0.900828 1.45418 110.245 38
0.704225 1.4599 118.966 39
0.499763 -1.54319 144.778 40
0.301834 1.45719 133.62 41
0.100927 1.46071 131.729 42
0.900269 -1.54087 138.145 43
0.703326 1.45819 120.238 44
0.498972 -1.53061 122.209 45
0.302197 1.45439 129.616 46
0.101383 1.45751 140.785 47
0.88162 1.45762 111.323 48
0.699888 1.45356 118.407 49
0.499462 -1.52769 127.716 50
0.301928 1.45757 134.428 51
0.10132 1.43814 131.876 52
0.899874 -1.54211 116.505 53
0.700564 1.45407 124.597 54
0.494474 -1.53529 133.44 55
0.301103 1.45607 125.958 56
0.100859 1.45936 131.138 57
0.881248 -1.52193 106.712 58
0.703697 1.46014 124.873 59
0.498964 1.45427 133.439 60
0.692877 -0.0402499 124.317 61
0.100795 1.45782 139.944 62
0.902603 1.45782 107.645 63
0.699402 1.45351 116.852 64
0.501224 1.45734 118.834 65
0.303352 1.45947 123.508 66
0.100766 1.45824 127.599 67
0.89988 1.45885 114.547 68
0.704344 -1.54099 115.1 69
0.500756 1.45758 133.476 70
0.300263 -1.54006 122.899 71
0.100867 1.45606 138.794 72
0.901101 1.45885 123.415 73
0.704544 1.46035 150.153 74
0.498224 -1.53732 131.701 75
0.272724 1.42172 136.707 76
0.101575 1.45501 133.924 77
0.898174 1.45308 111.212 78
0.896733 -1.53601 132.834 79
0.701361 1.45685 118.394 80
0.499577 -1.54452 128.981 81
0.302401 1.45625 128.573 82
0.0997984 -1.54012 134.227 83
0.870184 -1.49099 110.704 84
0.671486 -1.46897 114.868 85
0.49885 1.45542 120.267 86
0.301954 -1.542 136.791 87
0.0978792 -1.5404 129.156 88
0.899355 -1.54114 117.345 89
0.700322 1.43787 116.882 90
0.501974 1.45829 120.274 91
0.301044 1.45828 125.868 92
0.101365 1.45768 164.895 93
0.899664 1.45761 107.866 94
0.701243 1.45253 114.397 95
0.501554 1.46218 121.944 96
0.302909 1.46064 128.159 97
0.101321 1.45546 131.614 98
0.898615 1.45313 112.299 99
0.702676 1.45761 109.396 100
0.502259 1.4604 135.718 101
0.301236 -1.54385 136.51 102
0.100885 1.45798 142.793 103
0.899914 1.45546 102.401 104
0.702386 1.45678 105.461 105
0.50079 1.46031 107.895 106
0.300837 1.4555 125.381 107
0.300387 1.45654 111.766 108
0.100218 1.45475 115.263 109
0.901415 1.4617 104.874 110
0.704371 1.46128 91.8073 111
0.499212 -1.5409 98.3275 112
0.300404 1.45279 106.172 113
0.101001 1.4581 106.013 114
0.900732 -1.54695 78.064 115
0.703636 1.45963 75.9843 116
0.501103 1.45762 65.6247 117
0.302067 1.4564 66.4167 118
0.100814 1.45787 64.6318 119
1.21793 0.839066 52.8373 122
