0.502155 1.4611 133.223 0
0.301801 1.45713 136.382 1
0.100687 1.45903 136.799 2
0.896259 -1.53533 104.562 3
0.70174 1.45655 106.238 4
0.498236 -1.5405 135.457 5
0.301236 1.46038 134.581 6
0.101221 1.45395 147.494 7
0.899453 1.44283 110.389 8
0.701937 1.45593 110.494 9
0.500775 1.45795 123.623 10
0.301875 1.45716 128.867 11
0.0991225 -1.54327 134.522 12
0.900571 1.45654 100.721 13
0.701765 1.45512 106.055 14
0.501442 1.45925 126.734 15
0.30073 -1.54427 129.391 16
1.09799 1.44843 137.077 17
0.90277 1.46028 109.355 18
0.70275 1.45832 101.546 19
0.501564 1.45613 117.293 20
0.302356 1.45789 127.387 21
0.101464 1.45574 156.865 22
0.902904 1.46071 109.987 23
0.702619 1.45646 104.802 24
0.498556 -1.54105 129.563 25
0.302447 1.4577 127.552 26
0.102071 1.45534 184.314 27
0.901064 1.45656 106.912 28
0.701083 1.45358 113.227 29
0.499087 -1.54158 133.563 30
0.303706 1.46219 128.409 31
0.101031 1.45769 144.082 32
0.898816 1.455 98.3988 33
0.702725 1.4573 113.521 34
0.501927 1.45947 123.621 35
0.301744 1.44839 148.09 36
0.0990509 -1.54556 149.168 37
0.900457 -1.53952 100.982 38
0.704225 1.4599 112.947 39
0.498347 -1.54029 126.915 40
0.301834 1.45719 135.667 41
0.100477 1.45707 141.943 42
0.900269 -1.54087 108.51 43
0.703326 1.45819 104.848 44
0.501604 1.45714 124.659 45
0.30167 1.45381 136.866 46
0.101324 1.45721 139.665 47
0.898004 1.45325 100.214 48
0.701302 1.45548 107.443 49
0.498362 -1.53999 128.738 50
0.303328 1.46234 126.381 51
0.10144 1.46289 148.588 52
0.899874 -1.54211 98.9111 53
0.703348 1.45676 111.982 54
0.498077 -1.53937 128.76 55
0.301103 1.45607 129.264 56
0.10164 1.45087 140.708 57
0.899606 1.45538 98.6628 58
0.703697 1.46014 104.096 59
0.498964 1.45427 133.912 60
0.300778 1.45572 137.039 61
0.100795 1.45782 142.878 62
0.902603 1.45782 110.383 63
0.7048 1.46056 113.819 64
0.501145 1.4582 122.676 65
0.303352 1.45947 145.23 66
0.100766 1.45824 138.213 67
0.89988 1.45885 106.121 68
0.701793 1.45624 120.63 69
0.501535 1.45815 126.966 70
0.301729 1.45958 136.608 71
0.101366 1.45868 138.164 72
0.897659 1.44838 99.0644 73
0.698645 1.45478 110.627 74
0.501715 1.45872 121.496 75
0.300578 1.45403 132.131 76
0.101575 1.45501 140.56 77
0.902067 1.46191 99.4128 78
0.704405 1.46095 105.96 79
0.5017 1.45782 133.526 80
0.300558 1.45329 136.692 81
0.101024 1.45994 143.475 82
0.896102 -1.53653 103.523 83
0.702977 1.45808 112.891 84
0.502193 1.46107 123.442 85
0.301569 1.45637 137.388 86
0.101497 1.4562 159.497 87
0.904081 1.46415 99.6605 88
0.702447 1.45636 115.17 89
0.500805 1.45815 126.486 90
0.302925 1.46029 136.196 91
0.101139 1.45769 150.268 92
0.89734 1.45091 103.035 93
0.703343 1.45727 112.657 94
0.497535 -1.53654 128.789 95
0.301534 1.45807 118.226 96
0.0993336 -1.54294 160.225 97
0.90058 -1.54427 95.3974 98
0.700526 1.45347 103.709 99
0.500631 1.45758 112.009 100
0.302031 1.45783 118.597 101
0.100877 1.45822 157.227 102
0.903306 -1.54612 101.934 103
0.702701 1.45651 103.393 104
0.502197 1.46066 109.562 105
0.300652 1.45537 134.41 106
0.101379 1.45858 148.291 107
0.899403 1.4641 80.9594 108
0.703283 1.45788 87.4886 109
0.502051 1.46098 82.6239 110
0.301031 1.45613 90.1485 111
0.101051 1.45801 101.181 112
0.899628 -1.53924 68.8931 113
0.701308 1.45447 71.7136 114
0.499204 -1.54256 63.4355 115
0.302151 1.45656 63.8313 116
0.0994916 -1.53575 73.0794 117
0 0 39.2871 121
